# Skipping last rep as it is incomplete.
778.1
611.5
808.1
856.6
954.5
689.8
594.2
883.3
812.5
818.7
783.8
574.7
858.6
442.7
810.5
815.6
976.6
948.3
767.7
799.1
684.9
639.7
655.3
910.1
592.2
561.4
848.5
554.7
604.7
1121.3
983.9
141.6
675.4
843.2
832.9
1059.4
1082.2
1013.3
1023.6
646.6
548.3
899.3
845.8
433.8
854.9
962.0
573.7
511.4
1039.5
815.6
1153.7
879.2
1128.9
700.2
546.1
658.9
1188.2
450.5
633.1
978.4
906.7
748.8
1060.8
1097.0
681.5
750.7
803.7
929.2
1379.5
502.0
716.2
650.7
893.6
608.0
545.9
584.0
804.1
584.8
1010.6
902.5
770.9
668.8
510.7
772.1
615.6
747.3
575.2
692.6
898.3
790.8
744.8
730.6
611.0
726.6
798.6
811.1
600.8
782.1
985.8
739.3
595.9
579.4
968.7
819.1
699.1
810.9
878.6
701.4
855.1
1001.3
623.0
798.0
1051.0
710.4
1128.8
647.0
834.3
401.4
726.0
456.8
674.9
656.1
954.5
668.7
686.3
899.5
352.8
1016.0
1204.7
1021.2
917.8
546.1
551.8
683.6
935.3
779.3
799.8
873.6
691.4
781.2
834.0
755.8
405.9
691.5
1036.6
1084.3
726.9
958.7
947.0
1068.8
1181.3
528.4
391.1
1046.7
839.3
982.3
698.2
695.0
965.2
771.1
779.3
636.6
318.0
561.9
791.6
801.2
667.2
618.7
1162.6
822.2
975.9
520.7
891.7
826.0
735.2
624.5
716.8
805.5
1024.0
1077.7
913.3
722.5
611.2
738.3
957.7
610.7
756.7
668.6
565.7
888.6
856.3
763.0
1128.7
587.2
1039.6
609.2
432.9
742.9
729.0
1085.9
996.6
741.7
791.9
1198.0
528.8
545.1
1009.2
940.7
849.6
280.8
795.4
770.5
885.5
822.9
1002.2
1045.1
567.2
668.2
618.7
502.0
813.0
591.0
651.0
589.9
402.9
860.1
885.8
1063.8
926.2
903.5
742.9
685.9
567.5
885.8
715.1
953.0
623.2
913.6
784.2
732.3
746.2
1095.8
751.9
656.0
861.8
847.4
460.8
1044.4
1025.6
987.8
741.8
902.2
881.8
973.5
993.6
881.5
827.7
366.2
1015.9
666.5
788.0
1018.8
970.3
562.8
846.1
863.8
995.7
858.9
759.8
856.3
577.2
461.4
1013.0
367.3
768.6
719.6
824.6
551.7
989.2
792.2
687.9
1027.2
874.7
813.0
728.0
698.9
1050.6
842.8
670.1
696.8
761.4
801.5
561.5
886.9
660.8
591.2
776.2
986.9
742.2
722.9
642.7
617.7
1040.5
718.9
1171.0
1162.6
677.4
713.5
561.6
660.2
976.4
890.1
1193.6
774.6
719.2
903.7
698.5
952.5
741.0
672.8
901.8
1132.7
1290.9
936.4
245.6
950.6
693.2
843.2
350.4
859.1
787.2
778.2
924.9
825.8
547.3
971.1
780.0
697.7
739.4
1361.7
951.3
1125.9
816.5
535.5
903.0
632.6
1034.3
1008.4
452.7
784.6
654.0
1114.2
664.7
563.8
886.8
601.7
900.2
951.7
1030.2
445.7
1389.3
724.5
1035.0
770.0
702.7
951.2
734.1
589.1
972.5
879.8
468.8
681.2
879.4
681.0
938.0
946.3
718.1
711.8
582.8
712.2
764.6
999.0
760.0
570.2
863.2
754.6
846.1
597.4
813.3
1077.9
1055.9
551.3
603.0
569.5
507.3
861.1
842.2
1117.2
825.7
851.1
829.8
479.2
985.5
805.7
439.4
768.9
1017.2
771.6
720.8
653.4
902.3
1118.8
816.5
840.1
1157.4
933.7
606.3
572.5
783.6
1090.0
804.8
724.0
857.1
874.6
900.0
474.6
615.9
708.7
959.0
773.4
766.1
442.7
1141.7
604.6
661.5
619.1
865.6
635.7
534.5
824.0
480.7
791.9
941.6
730.0
613.4
716.3
1061.8
1095.3
633.6
655.2
900.4
647.9
684.0
728.3
618.0
766.0
956.1
878.1
432.5
558.4
845.7
793.6
623.3
838.1
965.7
980.2
995.6
893.1
635.9
626.5
880.5
793.4
700.7
838.0
286.6
779.0
811.2
756.8
674.2
747.7
866.9
672.4
639.0
889.3
761.8
1230.4
535.1
895.8
400.5
858.8
594.9
1042.4
1025.9
743.0
420.8
917.1
812.9
993.9
672.2
742.2
710.2
411.4
1157.1
581.1
762.4
1014.9
980.2
997.2
587.2
1075.3
679.4
791.6
1113.9
995.8
770.2
726.3
804.2
943.2
926.6
883.5
574.5
669.4
696.4
820.0
1077.0
677.7
1058.0
1084.9
782.2
970.9
789.5
947.2
862.6
988.2
776.0
442.8
639.6
752.9
765.4
923.3
665.3
224.1
832.6
1020.8
765.8
865.8
1029.5
747.5
796.4
1064.6
837.6
282.3
892.7
705.9
781.5
1077.8
1229.4
690.3
978.5
924.6
703.8
628.3
715.5
943.9
1005.1
856.1
1073.3
701.0
624.0
1099.9
742.3
838.0
650.5
503.2
818.5
627.9
704.6
634.7
968.8
550.4
864.1
580.8
1012.6
589.6
817.3
769.4
794.1
624.9
627.8
704.7
645.2
813.6
686.0
669.4
702.6
491.5
1044.6
1171.9
# Found 598 complete reps.
# mean(depth) = 788.5128762541806.
# std (depth) = 193.8935667719274.
# sem (depth) = 7.928897576702529.
