# tol = 0.1
450.7
484.1
617.6
463.5
421.9
618.5
320.4
424.4
367.9
589.9
458.1
287.9
574.4
535.7
469.9
433.0
430.9
382.9
484.7
334.9
456.4
448.9
367.9
473.7
416.3
532.8
640.7
411.0
289.2
490.4
395.8
450.3
488.3
357.1
529.4
492.1
455.7
438.5
385.0
569.2
420.0
594.1
336.3
536.7
546.3
403.9
589.8
464.2
511.8
419.5
391.0
510.0
470.6
547.8
375.3
493.7
481.5
515.6
474.8
599.1
486.8
633.6
601.6
395.7
536.2
584.4
577.7
348.4
368.3
510.9
441.8
423.9
641.3
616.7
505.3
462.9
518.7
471.2
351.2
466.4
398.2
584.4
552.2
772.4
514.1
448.5
533.0
471.3
524.4
461.8
506.9
428.9
506.2
307.3
336.1
549.6
505.4
570.0
409.7
463.8
405.1
581.5
641.8
337.3
457.3
546.2
542.8
576.5
571.5
477.4
540.5
410.1
405.6
584.7
522.8
530.4
561.7
435.3
567.6
541.8
578.8
323.3
420.8
781.4
352.8
454.7
666.7
449.0
468.6
440.5
566.8
342.0
515.5
529.2
367.2
340.3
401.8
353.4
283.9
508.6
503.2
477.7
389.1
585.9
402.0
465.5
573.0
742.2
419.3
420.3
478.2
428.3
377.1
584.6
391.4
541.4
527.0
661.8
447.3
435.3
485.2
437.5
468.3
609.3
482.4
461.6
325.1
460.4
482.0
503.4
494.6
545.4
452.4
514.7
460.1
501.1
349.4
686.0
486.5
380.7
417.9
446.3
518.8
572.3
559.9
431.2
638.2
521.3
640.3
443.5
507.5
303.0
545.3
659.8
665.8
520.8
581.5
270.0
453.5
442.6
492.1
388.9
412.9
598.5
417.7
445.5
355.8
388.4
510.1
418.7
461.4
489.5
492.4
457.7
375.6
535.1
497.1
508.6
502.6
321.6
617.3
367.0
336.6
463.6
376.2
423.9
407.1
334.1
512.3
389.1
413.2
526.0
250.0
789.5
625.1
429.7
501.5
386.6
407.0
458.6
458.8
415.3
406.7
555.3
355.0
520.0
525.9
741.7
468.8
340.0
508.0
430.7
738.9
570.8
500.6
545.4
505.6
488.8
489.6
505.9
509.4
490.0
452.3
413.3
475.3
471.8
543.3
578.9
476.9
403.8
621.6
508.6
615.0
407.2
485.5
392.3
481.5
506.3
386.7
520.6
404.0
363.0
431.3
516.0
468.6
696.0
554.3
460.3
467.6
501.6
513.6
423.3
277.1
512.6
408.8
560.2
425.3
683.0
505.4
439.7
349.4
135.1
516.3
367.9
435.2
613.9
440.2
577.8
471.4
386.6
426.2
455.1
281.6
466.0
456.2
357.7
405.4
486.5
407.1
550.7
564.9
352.1
453.0
467.7
530.9
346.7
600.1
348.4
398.1
305.7
607.2
501.3
418.5
524.3
405.0
410.1
448.4
359.9
378.5
551.6
261.0
495.7
418.4
425.3
198.8
595.7
336.6
615.8
218.8
328.1
578.0
357.2
561.8
409.7
449.9
349.7
551.1
373.1
319.6
595.8
613.5
479.3
522.7
682.5
475.2
468.9
527.0
449.7
304.2
435.9
496.0
431.5
313.1
491.6
459.0
407.5
432.1
303.2
651.5
582.7
298.2
411.3
419.6
422.8
243.6
444.9
487.8
463.6
458.4
426.0
444.7
389.8
440.7
387.3
424.7
572.7
476.6
459.6
353.3
470.2
500.7
561.3
452.1
264.6
532.8
461.9
636.5
448.4
501.1
380.6
282.5
594.4
556.4
627.0
564.8
460.4
502.6
580.0
358.7
487.6
505.0
390.1
414.8
385.1
611.9
528.7
501.2
377.8
534.7
371.2
474.5
494.3
619.9
448.0
503.2
441.1
310.8
455.2
466.1
341.7
380.7
468.9
370.3
332.2
513.2
676.9
449.2
407.8
466.8
390.3
495.9
324.9
541.9
371.4
382.8
433.5
468.3
343.5
487.5
438.9
627.3
413.7
471.5
395.6
473.4
376.9
472.5
457.0
587.2
428.0
435.4
420.3
443.7
249.1
560.4
654.3
574.2
419.4
436.2
281.8
562.7
669.8
585.7
455.8
514.8
607.7
364.2
482.1
403.8
472.9
496.8
424.5
544.9
515.8
435.1
337.1
465.4
347.7
461.3
445.2
410.4
547.2
484.6
615.7
551.4
510.4
453.2
563.3
481.2
464.9
476.4
371.0
479.7
477.4
515.8
469.6
529.5
471.8
420.3
445.1
481.5
614.7
451.7
556.7
542.3
575.4
498.8
384.1
297.1
419.2
547.2
456.6
220.9
411.8
327.6
565.6
367.0
667.7
462.0
426.7
403.3
323.9
477.8
479.0
574.4
423.7
640.3
486.8
420.1
572.5
504.8
468.6
427.2
410.3
614.1
539.8
622.1
320.4
441.8
330.6
414.2
595.5
353.4
682.4
523.7
465.3
478.9
422.2
482.9
484.3
360.3
339.5
541.4
526.1
459.6
349.4
556.4
528.6
462.6
434.2
342.6
435.3
506.2
530.8
482.8
553.9
419.6
451.3
444.9
535.6
511.9
409.9
402.8
500.9
392.7
382.2
555.2
432.0
474.3
372.2
505.9
558.0
259.0
441.4
549.6
477.4
404.6
479.4
563.5
469.1
395.3
526.2
672.8
498.4
576.5
449.7
436.7
516.1
564.7
414.5
512.1
593.5
352.1
300.2
483.9
489.7
474.5
373.1
499.1
540.9
385.1
217.5
513.8
570.9
405.3
541.2
350.4
458.3
610.7
511.9
459.3
552.9
561.8
382.8
577.2
531.3
425.1
445.3
581.6
379.6
295.9
733.3
468.8
524.5
500.1
481.9
561.0
413.5
394.2
424.5
491.3
473.8
643.5
444.6
416.1
597.9
624.2
475.2
445.7
544.2
281.6
471.9
379.3
297.5
371.2
527.6
381.0
321.6
346.3
324.4
304.7
604.2
176.1
495.5
655.1
308.7
599.5
494.7
433.9
409.8
430.4
445.9
360.4
584.3
347.5
580.7
556.3
425.5
674.6
561.5
614.0
485.2
296.8
619.6
415.1
266.2
449.5
503.0
538.4
468.1
514.0
455.0
505.1
283.2
428.9
444.4
363.8
421.8
464.2
385.8
537.3
487.2
494.7
367.4
498.8
557.8
440.9
410.4
577.0
285.5
408.2
517.2
512.7
513.5
527.6
431.4
371.3
514.7
467.9
583.9
407.0
416.7
624.4
639.7
503.5
317.9
517.0
619.8
420.9
428.6
428.9
485.0
668.6
307.1
526.5
457.7
576.9
275.7
439.0
538.7
478.0
372.3
563.4
516.8
490.1
596.4
381.1
476.0
431.9
387.4
588.4
454.3
454.3
427.0
380.0
607.5
495.8
511.4
406.3
491.5
618.1
484.4
437.0
433.3
381.4
445.3
334.7
698.8
731.2
675.5
594.2
461.1
424.9
588.4
581.4
434.8
456.7
440.5
334.4
418.1
498.1
395.1
398.5
602.0
459.5
548.6
648.5
499.1
453.0
352.8
507.8
417.3
490.4
538.3
508.1
509.9
385.8
438.4
658.5
460.8
454.2
341.5
660.3
541.7
488.9
440.8
499.3
545.2
472.6
299.4
618.3
397.8
527.5
357.1
634.0
358.7
484.5
628.6
457.3
506.3
315.6
514.9
566.0
509.7
528.9
537.2
482.2
489.2
450.5
524.4
331.7
515.6
557.3
485.3
363.6
438.6
474.2
536.4
317.4
330.3
286.1
332.2
506.2
405.7
489.3
639.6
515.0
560.3
567.1
341.7
575.2
390.5
418.4
375.5
451.7
381.8
387.1
543.2
509.6
583.2
659.1
652.2
494.0
503.2
333.7
586.2
546.6
408.6
527.6
600.8
576.0
522.3
448.9
594.1
426.8
518.3
349.5
339.6
519.5
598.3
543.4
444.7
346.0
369.7
331.1
361.9
450.2
598.4
298.7
372.8
636.9
534.5
276.0
386.9
509.9
447.4
585.1
613.8
403.4
314.2
512.9
442.7
389.2
363.5
513.3
527.1
471.7
431.6
574.4
456.5
477.6
445.6
530.1
481.2
623.4
384.1
455.7
376.1
478.1
305.7
492.3
702.0
530.6
480.8
534.1
381.2
560.2
607.3
574.2
525.3
404.5
570.1
464.2
391.3
405.5
470.4
472.3
492.4
477.0
475.9
555.5
379.6
377.7
361.6
282.0
528.8
263.7
612.4
513.2
299.1
364.3
577.3
501.4
356.7
426.8
534.1
580.2
459.4
479.6
472.3
307.3
514.1
332.6
507.5
711.9
476.8
421.3
593.3
401.6
575.1
522.8
285.2
511.5
306.8
375.1
420.3
468.8
500.3
307.6
483.9
# Found 1000 complete reps.
# mean(depth) = 470.4393.
# std (depth) = 96.11452504959905.
# sem (depth) = 3.039408153820412.
