# tol = 1E-3
7.5
8.6
8.0
9.2
8.9
5.8
6.4
6.3
7.2
6.6
8.3
7.7
6.2
6.3
6.6
8.9
8.5
7.0
8.6
5.5
7.4
7.3
7.0
6.8
9.1
7.6
5.8
7.3
7.9
7.7
7.5
5.9
6.6
6.4
8.4
6.6
7.8
6.5
7.8
8.5
7.5
8.0
6.9
7.2
9.1
8.0
9.6
7.2
8.7
7.6
8.3
7.8
8.5
6.7
8.7
6.0
6.6
9.1
8.1
5.6
8.7
7.2
7.8
8.0
6.5
12.6
6.9
6.2
5.6
7.2
7.7
9.2
8.4
8.7
7.9
7.8
7.8
7.6
7.1
7.9
7.9
7.3
6.5
6.6
7.1
8.3
6.6
10.3
6.0
7.5
6.4
6.5
6.8
6.4
7.3
8.6
6.0
7.9
8.3
8.4
6.0
7.4
9.0
6.7
6.5
7.7
7.0
7.8
9.5
7.3
8.0
7.2
7.7
8.5
6.4
8.2
7.9
7.4
10.4
7.6
8.0
6.6
7.9
9.0
8.3
8.6
9.1
10.3
7.7
8.9
8.1
6.4
8.0
6.4
7.6
8.5
5.2
8.9
8.4
7.7
6.4
7.0
7.2
8.5
9.4
6.3
8.9
7.9
7.3
7.6
9.0
6.3
7.3
8.3
7.6
9.1
7.2
8.3
7.0
9.5
7.1
8.9
6.7
4.9
7.4
8.3
8.1
7.1
6.7
5.8
9.0
6.8
8.8
8.6
7.2
7.0
8.4
8.4
7.9
7.6
8.0
7.7
7.5
8.0
6.7
10.1
7.0
7.6
10.4
9.9
7.4
7.4
7.4
6.2
8.4
7.6
6.8
10.2
8.3
5.4
7.0
8.0
6.6
8.3
8.9
8.6
6.8
7.7
7.2
10.3
7.8
9.0
8.1
9.4
6.9
7.6
7.4
6.9
7.8
6.9
6.3
7.0
7.4
10.7
6.9
8.0
6.7
7.7
7.9
6.5
8.8
7.7
6.4
7.4
6.6
7.6
7.8
8.4
7.2
7.5
6.5
8.5
7.8
7.9
8.2
6.9
9.1
8.4
8.2
7.4
7.8
6.0
6.8
8.3
7.6
8.4
7.9
6.9
7.9
6.5
6.9
8.8
6.3
7.3
7.4
7.8
5.1
6.5
9.4
9.4
7.8
7.3
9.5
7.7
7.4
8.7
8.2
12.9
9.8
7.1
9.8
7.6
8.2
7.4
5.3
7.5
7.4
7.3
7.1
6.1
8.6
5.8
8.3
8.1
5.9
6.3
6.9
7.6
6.3
8.0
6.4
7.8
6.1
7.6
7.7
8.5
8.1
7.3
6.5
8.2
8.8
7.1
6.9
8.2
8.4
6.6
8.4
7.0
9.4
6.1
7.4
9.3
6.5
8.6
7.3
6.3
7.0
8.6
7.7
8.8
6.9
10.1
5.7
8.6
8.7
6.0
7.0
9.9
7.5
8.3
9.4
6.4
8.2
8.3
7.3
6.8
6.6
7.2
6.9
8.3
7.5
6.0
6.9
8.3
9.4
6.9
6.9
7.7
5.8
5.9
8.5
6.2
7.3
7.2
7.1
7.7
7.1
6.4
7.9
6.1
9.5
6.5
6.6
6.8
6.6
6.8
6.7
9.2
6.6
8.4
6.8
6.5
6.2
8.8
6.8
7.1
7.4
8.1
7.9
7.6
6.6
7.5
10.1
7.3
7.4
6.9
7.4
8.2
7.5
6.9
6.8
8.5
9.1
6.0
8.9
7.4
7.4
8.3
8.6
7.2
6.2
5.9
7.5
6.9
6.5
5.7
7.6
7.7
8.1
7.3
6.9
6.5
9.1
6.0
6.8
7.8
7.8
7.1
5.8
7.3
6.2
8.2
9.3
7.8
8.7
10.7
7.4
7.1
6.2
6.9
7.1
8.1
8.1
9.0
7.2
9.0
7.8
7.2
7.5
7.1
7.0
7.3
7.9
8.0
8.4
8.7
7.8
6.3
6.3
9.1
7.3
9.8
6.2
6.7
7.4
6.1
9.6
8.2
7.7
7.6
6.8
8.5
6.9
7.8
9.2
6.1
9.7
7.8
5.7
5.8
6.8
7.9
6.7
6.2
7.6
6.3
7.4
7.9
7.2
9.0
7.3
8.4
7.8
5.9
8.5
6.2
10.4
11.5
6.9
6.6
8.3
7.1
6.6
7.7
6.7
7.8
9.5
8.1
7.9
6.9
8.7
6.9
7.3
6.4
8.0
9.0
5.8
8.2
8.4
9.3
6.4
5.9
9.5
9.7
6.9
7.6
6.8
15.0
7.1
6.8
8.4
7.8
8.2
6.7
9.3
7.4
10.1
6.4
8.3
6.9
7.6
6.6
7.5
7.5
7.0
6.3
7.2
7.6
7.5
9.0
7.1
8.1
5.7
7.1
7.6
5.8
7.4
7.2
6.3
7.2
9.4
7.5
7.4
8.1
6.5
6.7
8.6
8.4
8.3
6.8
8.7
8.9
8.7
8.0
7.2
6.8
7.9
7.0
5.9
7.8
7.1
9.3
7.0
7.1
8.8
9.3
8.3
7.1
6.5
9.1
7.8
9.8
8.6
8.1
6.5
8.5
6.8
10.0
9.4
6.6
10.6
6.8
9.2
9.4
8.0
5.4
8.0
6.4
7.9
8.2
8.4
6.9
8.7
10.7
8.0
8.7
7.3
7.6
7.5
7.5
7.4
5.6
7.4
6.5
6.6
7.6
9.8
9.0
7.4
10.2
7.8
9.8
8.1
6.0
7.4
8.9
6.9
8.1
7.2
8.0
7.9
7.5
8.2
6.8
7.6
7.7
7.8
6.7
5.8
7.0
7.1
6.7
6.4
7.2
8.2
6.2
7.5
7.7
8.1
7.7
9.2
7.9
6.5
7.6
9.0
8.4
7.3
10.7
9.0
5.7
9.1
6.7
7.2
7.7
8.2
6.1
7.4
7.6
6.2
9.1
7.7
7.7
7.2
5.9
7.2
6.0
6.6
8.7
7.1
11.2
4.7
7.4
7.7
7.5
8.9
7.5
9.7
7.3
8.0
10.4
7.0
7.4
8.7
7.6
7.7
7.5
6.6
7.7
7.4
6.9
7.5
6.7
7.9
7.4
8.3
6.9
6.3
7.0
7.9
6.9
5.8
11.5
7.2
8.2
8.8
6.9
7.1
8.1
8.5
8.8
6.6
7.7
9.1
8.3
6.5
6.7
7.5
7.0
5.7
7.2
7.7
6.9
7.7
7.2
8.9
5.4
7.4
7.5
10.0
7.6
7.7
7.6
7.9
7.4
8.2
6.6
7.2
6.9
9.1
9.9
8.6
7.0
7.8
8.9
5.9
7.9
11.6
7.1
5.9
7.4
6.5
8.3
7.8
6.1
7.2
7.3
8.6
9.4
6.7
6.1
7.6
7.8
6.2
5.9
7.4
9.9
7.8
7.0
7.3
7.1
7.8
10.7
6.6
6.9
7.4
8.1
5.9
7.0
7.3
7.1
7.3
7.4
9.3
7.9
7.7
7.2
10.4
9.2
7.9
8.9
8.3
6.6
7.2
9.0
7.0
7.7
7.3
6.5
6.8
7.1
6.2
6.7
8.1
6.8
7.5
8.8
6.5
8.0
9.1
7.9
7.9
7.6
10.1
7.6
6.8
6.9
7.0
8.2
6.2
9.5
6.6
7.4
7.7
6.3
7.5
7.6
6.6
8.2
8.1
6.2
7.6
7.7
7.4
8.5
7.8
8.7
6.5
7.8
7.5
8.3
10.0
8.5
9.6
7.1
7.5
6.6
7.1
6.7
9.9
6.3
6.1
10.9
8.1
9.6
7.0
6.8
5.6
6.3
7.4
8.2
7.3
6.6
7.3
5.8
7.1
7.2
5.5
7.8
6.3
6.0
7.2
7.0
6.8
6.6
6.8
7.4
7.2
7.3
9.2
6.8
8.0
8.4
14.3
6.6
8.3
7.1
7.9
6.8
7.0
5.6
6.1
6.6
7.5
8.3
7.5
6.8
8.8
8.2
6.3
7.7
8.6
8.4
7.5
10.7
7.0
6.3
8.8
7.3
8.0
7.7
7.9
9.1
8.2
6.3
7.4
7.1
8.9
8.1
9.3
7.6
8.3
8.8
7.5
7.5
10.2
6.2
6.8
10.9
8.1
7.7
8.9
7.1
7.7
7.0
7.8
7.6
7.4
6.5
7.8
8.7
7.1
7.4
6.3
7.9
9.0
7.5
8.0
6.5
10.6
6.5
9.3
7.5
5.7
6.4
7.2
7.1
7.8
6.0
7.0
8.1
7.3
7.0
7.4
7.4
9.3
6.6
7.2
8.3
8.3
7.9
7.6
7.3
7.3
6.1
7.5
8.2
7.2
6.7
8.5
6.4
# Found 1000 complete reps.
# mean(depth) = 7.6333.
# std (depth) = 1.1585512979579282.
# sem (depth) = 0.03663660887691436.
