# tol = 0.1
461.4
467.9
626.4
463.1
435.7
606.1
335.5
422.5
363.9
576.9
470.5
295.9
585.3
539.6
475.9
438.7
444.1
394.6
488.6
337.7
453.4
455.0
355.7
467.3
420.6
520.3
641.8
400.0
296.2
506.0
385.1
463.0
513.4
359.2
529.9
496.7
450.8
452.3
385.6
560.5
428.8
595.4
346.1
538.7
542.1
420.2
582.9
469.2
504.9
423.6
402.8
502.6
473.4
553.1
398.3
498.5
502.7
524.0
492.7
597.0
480.1
629.7
604.2
395.9
533.1
603.5
570.7
344.8
385.0
513.2
460.7
422.9
625.4
615.3
506.9
459.5
527.2
466.2
357.5
457.2
417.0
575.9
567.4
770.2
535.8
455.5
537.2
459.2
522.7
460.7
502.6
433.5
520.7
313.0
316.4
551.2
498.1
588.9
417.1
475.7
416.9
589.4
647.5
338.0
456.6
536.5
537.6
585.1
554.8
462.9
547.6
420.6
407.3
583.5
527.1
516.9
550.7
439.0
563.1
565.0
579.5
308.8
413.1
791.2
367.2
460.7
657.1
458.6
468.7
442.1
553.2
342.4
518.2
521.4
357.0
350.4
412.0
357.8
279.7
501.1
500.5
498.8
396.2
605.8
390.0
491.4
574.6
735.5
420.0
406.7
485.3
457.2
379.3
571.1
393.5
522.4
540.6
669.9
454.6
442.6
502.0
457.2
489.8
609.2
451.1
449.5
329.7
475.2
490.0
507.7
502.2
566.1
437.1
535.6
446.9
507.6
348.2
699.1
486.8
397.3
418.5
444.9
523.4
579.2
562.0
416.2
635.1
507.7
647.2
450.2
500.9
315.2
543.7
671.8
672.1
521.8
590.7
281.7
447.3
437.8
499.3
393.3
400.3
587.7
436.5
441.8
364.3
387.7
519.9
409.4
461.0
510.8
502.1
461.7
382.4
544.1
511.4
515.0
498.2
330.3
629.5
362.4
337.4
462.7
359.9
425.3
413.0
332.5
518.4
399.6
407.2
530.5
241.5
779.7
614.2
411.5
483.9
388.7
406.8
466.2
461.4
415.5
399.8
565.9
367.2
509.9
531.5
736.8
478.3
317.6
499.5
440.5
741.9
574.4
500.5
545.4
509.5
476.6
495.2
498.6
528.0
492.6
450.7
415.1
467.0
477.4
535.3
586.1
479.2
396.6
596.5
497.2
615.7
399.7
493.0
395.0
476.9
506.3
389.5
524.4
404.4
374.2
444.9
513.7
482.1
701.5
576.0
458.9
479.5
511.6
514.2
438.3
286.8
522.6
411.9
566.9
443.2
677.1
512.1
444.8
352.1
140.4
516.3
372.0
438.3
639.8
434.9
589.2
471.5
395.1
443.8
461.2
282.6
472.2
438.0
361.9
403.4
486.1
407.1
560.6
551.8
364.2
438.2
463.6
509.7
353.6
596.3
343.5
407.9
307.2
610.2
498.9
408.8
524.1
425.2
402.5
456.2
372.0
384.0
541.3
251.0
490.5
415.2
443.6
192.2
600.3
334.3
609.7
226.2
345.8
560.6
362.6
566.0
426.0
462.2
346.9
548.0
397.5
335.4
596.2
620.5
473.4
538.4
672.7
471.2
456.4
508.1
444.1
310.8
434.5
498.5
426.0
315.2
487.6
438.7
404.0
434.2
309.8
657.0
593.0
290.5
417.0
430.3
424.7
247.0
442.7
496.2
473.9
459.3
430.9
445.3
383.8
442.1
387.0
431.5
571.2
476.0
457.2
356.3
483.4
503.3
555.7
441.5
263.7
540.9
476.6
626.4
468.6
513.5
374.9
285.1
598.5
591.2
603.7
567.4
467.6
512.6
573.0
373.3
474.7
497.8
399.3
420.7
399.1
622.5
513.8
502.1
375.2
533.5
372.4
470.2
510.4
623.5
453.5
509.4
447.0
303.8
475.3
466.6
343.2
386.0
447.3
379.6
334.0
521.1
670.3
445.0
397.3
451.2
381.6
488.1
317.9
553.3
375.0
378.9
435.2
475.8
349.4
483.1
436.3
636.3
415.2
462.4
409.5
490.7
370.0
494.0
460.4
583.2
447.3
447.8
417.3
463.4
253.0
575.8
638.8
591.7
418.2
438.5
273.5
561.9
656.7
570.6
453.2
504.1
591.7
359.5
477.9
407.9
479.9
495.2
417.0
546.8
504.1
438.2
338.5
461.2
350.5
460.2
441.6
427.0
557.9
487.2
619.1
561.3
514.0
464.1
576.4
461.2
448.9
475.7
369.9
466.3
482.4
511.6
483.3
516.1
477.0
420.0
471.4
488.4
611.3
454.3
561.5
544.9
577.2
498.2
388.2
277.3
423.7
549.9
458.2
214.6
414.6
337.5
562.7
364.6
669.5
467.3
433.3
418.5
336.0
472.0
489.5
582.5
426.3
644.1
476.6
429.5
571.4
505.4
481.9
425.9
415.6
595.6
542.8
614.9
312.0
439.7
333.3
413.6
605.5
366.1
690.2
515.2
463.1
466.3
438.3
491.7
507.2
358.1
339.3
564.8
513.2
465.2
348.7
570.7
528.7
455.2
429.4
340.1
437.5
520.7
519.8
478.2
556.6
414.8
464.2
452.1
539.5
503.6
404.9
381.6
500.7
401.4
395.0
548.2
443.2
471.3
373.7
521.1
574.4
260.1
413.7
546.1
467.8
395.3
463.2
564.4
471.8
395.5
522.8
665.5
518.7
587.8
459.5
422.4
531.7
554.1
423.6
502.7
615.7
347.9
310.1
479.9
489.1
458.8
376.0
485.6
522.0
387.2
216.1
518.6
573.0
402.0
540.0
351.0
452.2
614.9
526.3
470.9
560.3
573.8
386.2
565.6
533.6
436.2
458.6
577.2
366.4
295.2
737.3
486.4
499.7
496.9
493.8
563.2
423.7
413.8
417.3
485.4
477.3
642.5
444.3
397.2
621.5
639.2
480.8
444.9
554.6
280.7
458.7
365.4
292.1
376.6
532.2
385.6
329.9
352.6
321.3
308.0
617.4
173.4
506.2
647.3
320.6
603.8
492.9
425.1
405.4
443.2
448.2
364.8
581.1
350.2
588.1
536.7
432.6
673.6
572.5
612.4
479.0
295.1
627.4
423.3
270.8
453.3
498.2
535.1
466.4
533.0
463.5
516.8
276.9
428.6
453.2
360.7
413.8
479.4
389.8
531.6
487.9
509.7
375.1
484.1
563.0
451.2
419.9
592.9
302.3
415.3
506.6
513.4
510.7
525.2
433.0
389.6
524.3
470.3
595.5
407.1
414.3
622.9
653.4
501.0
322.6
517.1
620.6
415.7
426.5
429.1
486.2
661.1
315.6
533.7
471.4
576.9
265.0
439.0
532.0
485.7
371.4
569.5
521.1
482.4
594.5
385.6
489.4
441.6
376.2
584.1
457.5
444.5
420.1
371.2
610.2
483.5
510.2
394.5
502.9
620.0
489.4
430.8
417.1
380.7
446.0
338.4
690.0
754.1
681.7
577.7
470.5
427.1
601.0
563.6
423.9
460.3
438.0
337.0
420.8
498.9
401.2
394.0
605.2
450.9
536.6
655.8
494.5
457.8
348.3
522.7
416.6
498.8
550.3
512.2
530.3
389.7
442.3
666.4
473.0
449.7
343.4
661.2
547.7
493.7
446.2
517.9
544.8
473.0
301.3
610.5
390.7
549.8
352.5
624.6
374.1
486.1
652.7
449.6
492.7
313.1
496.6
557.4
513.3
539.9
531.0
485.7
480.0
443.8
508.1
335.9
519.5
550.7
497.1
375.2
455.2
483.8
525.3
320.3
340.7
291.7
331.5
495.9
414.3
503.2
632.5
507.9
569.3
556.7
344.9
569.9
388.0
411.8
384.5
434.1
382.4
381.6
548.0
507.3
575.8
654.9
667.7
492.4
495.2
331.9
611.8
533.3
406.4
523.0
634.6
550.1
547.1
448.4
602.3
447.5
522.3
350.2
335.2
527.6
593.6
558.7
443.4
355.3
373.0
342.6
370.8
459.4
586.5
294.6
368.8
651.2
545.6
281.7
381.6
497.8
445.1
587.6
611.0
389.7
316.9
528.1
420.5
402.7
365.5
520.0
523.9
494.8
429.5
587.4
450.2
477.2
454.2
538.0
488.2
612.0
384.0
447.4
383.5
483.7
308.0
471.8
714.6
548.6
490.0
526.2
383.9
569.9
607.8
560.8
512.7
400.4
589.2
451.5
406.8
417.2
480.6
455.0
488.0
485.2
459.2
571.8
370.6
379.0
370.1
283.0
530.0
269.7
607.6
506.8
292.8
368.9
566.9
507.6
356.3
409.6
520.2
574.4
447.6
462.8
470.6
312.8
521.3
343.7
506.3
715.0
477.5
417.3
608.4
420.2
585.1
527.3
292.5
536.7
309.1
358.5
416.6
475.2
498.5
318.4
502.7
# Found 1000 complete reps.
# mean(depth) = 472.1822.
# std (depth) = 96.22677404527286.
# sem (depth) = 3.042957778734368.
