# Skipping last rep as it is incomplete.
791.5
610.8
806.8
856.4
960.3
695.0
593.0
895.5
806.6
811.3
802.3
567.2
841.4
450.5
820.9
836.1
960.3
955.0
749.1
784.7
672.3
642.3
648.9
914.9
592.2
588.6
852.1
565.4
625.9
1122.6
993.7
131.3
682.5
846.6
803.4
1052.2
1068.9
1011.8
1025.9
667.6
555.1
899.2
836.6
433.5
838.8
983.5
602.9
512.7
1033.3
809.1
1164.9
886.3
1115.6
709.2
541.4
662.3
1180.1
449.8
627.6
974.1
926.9
773.4
1065.2
1097.0
679.4
740.5
807.7
913.3
1357.5
485.4
714.8
616.7
892.2
607.8
546.7
592.3
820.0
607.7
1008.7
908.8
773.0
680.0
498.0
760.9
610.2
741.1
555.3
685.9
872.0
796.1
769.9
745.2
633.8
743.4
799.2
829.0
602.5
782.4
990.5
740.1
595.5
568.5
966.5
835.3
690.5
809.6
855.4
698.8
830.2
986.7
626.2
787.2
1042.2
681.6
1123.1
648.6
841.3
396.5
714.2
460.0
674.0
657.1
954.7
644.2
702.6
898.6
353.9
1027.6
1183.4
1041.2
921.1
556.1
554.0
698.5
937.0
767.5
794.8
852.1
702.1
784.4
841.6
739.0
396.5
687.0
1035.6
1068.3
727.1
957.0
926.7
1065.4
1164.7
536.1
406.3
1060.6
853.4
985.7
682.2
701.8
961.1
746.0
754.7
633.4
337.4
556.8
786.0
807.2
667.1
601.8
1166.3
822.5
991.6
509.6
918.2
832.0
725.1
623.7
713.3
824.0
1027.5
1080.0
911.2
740.2
614.9
743.5
946.1
611.4
758.2
665.7
554.6
897.6
859.4
790.1
1099.6
596.7
1043.1
598.1
426.9
724.8
725.8
1100.9
1006.5
724.9
793.9
1203.6
533.7
536.0
992.3
956.8
857.5
286.6
771.1
775.0
877.5
849.2
1006.9
1039.0
570.8
682.6
624.8
495.0
836.7
570.8
649.7
588.2
408.9
858.4
887.1
1054.1
927.8
906.3
752.7
715.1
562.1
880.8
710.8
944.8
611.3
916.4
779.8
723.6
738.4
1102.2
741.8
653.3
858.9
836.9
452.4
1046.6
1014.9
993.0
732.1
897.3
884.5
974.9
985.5
894.3
851.9
373.2
1000.4
653.0
775.8
1013.6
948.8
562.6
853.9
855.5
1000.2
874.5
746.1
861.0
601.2
457.9
1008.2
364.0
781.6
729.1
812.7
540.7
974.9
806.2
659.4
1004.4
872.3
799.9
728.1
709.1
1032.1
850.0
670.8
698.2
760.8
772.8
548.9
896.0
670.1
575.4
773.6
956.2
749.8
707.1
634.0
613.9
1045.9
720.4
1164.1
1162.7
691.2
702.8
563.4
674.0
978.4
895.2
1185.3
769.8
696.7
875.1
699.8
957.2
748.2
669.8
895.6
1135.3
1316.3
921.0
237.3
944.5
688.4
827.3
340.2
838.9
782.0
793.4
924.2
824.5
543.2
940.3
766.8
711.4
750.6
1351.7
921.1
1115.6
833.4
532.5
888.3
626.7
1016.9
1018.9
447.9
788.4
656.8
1150.3
667.1
595.5
906.4
595.7
914.8
959.9
1006.1
439.6
1393.3
706.7
1037.2
754.7
695.6
950.6
739.0
592.8
972.3
875.5
459.4
668.9
872.9
682.8
924.6
946.3
720.5
709.3
585.7
726.7
781.3
1001.1
765.5
569.3
868.2
748.2
824.0
590.1
795.3
1064.1
1039.5
541.6
604.7
579.7
507.9
865.0
833.4
1124.8
825.8
852.5
833.3
499.2
969.5
808.7
430.2
768.4
1024.7
776.5
718.2
655.5
923.8
1119.5
819.6
837.3
1162.3
898.8
609.3
580.3
779.4
1113.5
787.0
702.7
858.4
860.4
896.8
484.5
604.9
714.5
946.8
769.8
776.9
442.3
1135.7
600.9
647.8
612.3
846.5
636.6
529.9
790.8
486.7
797.3
957.3
743.2
611.8
712.1
1055.3
1093.9
643.0
663.0
886.1
642.1
690.7
754.4
626.0
743.8
945.8
866.7
446.1
557.1
816.4
800.3
629.5
820.6
964.9
978.0
1010.2
890.8
617.7
641.9
891.8
788.0
697.3
845.1
282.4
764.8
791.1
755.3
658.8
731.4
862.9
659.7
620.5
864.1
740.4
1234.9
526.9
900.1
423.6
866.6
590.7
1044.5
1018.4
746.7
416.2
932.5
821.9
999.8
676.3
741.8
705.0
409.0
1145.3
592.1
761.0
1016.9
972.9
983.0
555.9
1060.3
685.7
798.3
1122.6
998.1
810.6
727.3
833.5
946.5
946.2
876.2
592.1
677.1
697.2
808.7
1074.4
679.4
1034.7
1096.6
798.0
975.2
782.1
955.6
860.5
991.0
785.3
455.1
642.7
759.1
755.9
942.5
679.5
218.7
836.2
1019.9
761.5
859.6
1012.7
734.7
800.5
1066.8
823.5
276.3
879.3
696.0
808.1
1068.3
1220.1
683.5
949.5
898.8
687.2
633.7
717.1
944.4
973.1
850.7
1059.7
681.3
621.1
1081.5
754.0
840.0
648.4
492.4
816.9
626.7
710.5
616.2
978.6
558.7
837.9
597.8
1012.2
598.0
809.7
775.4
793.2
624.4
622.4
709.3
637.3
799.1
690.1
661.0
709.7
494.4
1040.2
1204.7
# Found 598 complete reps.
# mean(depth) = 787.2451505016722.
# std (depth) = 193.25748624099415.
# sem (depth) = 7.9028863094682915.
