711.7
701.7
718.8
682.9
689.8
718.9
691.4
723.2
695.7
718.0
702.2
708.2
703.5
722.2
691.7
701.7
702.8
697.3
688.7
701.0
690.9
717.6
700.9
681.9
701.6
730.3
709.8
713.7
697.7
694.7
714.1
694.2
705.5
706.0
688.0
719.4
691.4
703.5
684.2
717.2
687.3
705.7
715.5
695.1
715.1
696.3
704.6
695.3
712.3
698.9
701.6
707.6
679.0
716.4
704.2
689.1
706.6
706.3
701.6
675.8
706.8
702.5
714.6
697.2
699.4
709.2
689.6
724.1
684.9
695.5
698.3
709.4
711.8
709.4
721.2
696.0
682.4
716.7
701.2
710.3
707.6
699.3
707.1
695.9
704.3
688.5
685.8
721.9
711.4
704.1
703.4
684.8
711.9
711.9
690.6
706.0
680.0
696.1
707.0
698.7
700.1
698.2
705.8
708.7
716.0
691.7
699.7
688.2
688.0
705.1
699.4
695.8
683.2
695.8
709.6
712.8
707.5
715.4
696.0
701.9
700.9
717.9
716.4
682.3
689.4
703.5
704.3
696.3
704.6
695.5
695.4
714.3
708.9
721.6
717.6
692.0
688.9
698.8
687.3
710.4
690.6
701.7
711.9
699.4
696.8
720.6
713.9
709.5
692.4
721.2
710.6
708.1
698.0
699.6
719.5
698.4
703.9
692.7
702.3
697.1
696.0
700.5
706.6
709.8
706.9
712.2
712.2
677.3
701.9
714.1
702.5
685.0
722.4
696.1
721.5
698.8
694.4
700.4
691.0
711.5
713.7
708.0
700.2
703.7
700.4
710.3
707.2
673.5
703.9
703.9
712.0
708.2
695.0
698.3
727.5
686.2
735.0
708.3
708.5
702.8
683.6
701.1
702.6
690.6
695.5
721.9
698.2
717.9
720.6
691.1
705.6
694.7
714.1
711.9
720.5
713.3
710.5
703.8
704.0
692.2
700.2
699.1
693.0
716.4
698.0
735.6
697.3
713.7
714.6
713.6
717.8
699.1
679.0
685.3
715.0
688.7
708.5
684.6
706.6
708.6
707.1
710.2
694.8
727.0
697.8
703.6
708.4
710.9
694.1
704.7
718.1
700.4
688.4
724.3
727.4
699.0
685.5
714.4
709.7
687.7
701.7
701.7
713.3
700.7
706.8
680.9
708.3
709.1
708.6
710.4
700.0
708.1
703.6
715.3
710.1
725.4
702.5
689.9
720.6
689.4
696.1
711.4
716.3
695.5
693.5
695.4
690.7
710.8
716.0
705.0
684.5
687.3
712.2
687.5
698.8
711.7
700.7
739.3
692.6
702.3
717.8
706.3
721.5
700.5
719.3
690.3
711.0
702.2
712.3
696.9
704.6
698.1
713.7
729.4
705.4
706.0
692.7
713.7
705.6
715.4
688.0
697.3
723.7
699.3
695.4
711.1
696.4
707.5
700.6
714.0
700.3
719.8
692.4
682.8
714.6
725.5
699.2
705.9
706.1
673.6
695.5
694.0
717.0
690.6
700.0
710.3
696.9
690.9
717.5
692.6
708.5
719.0
722.3
704.6
700.9
695.0
685.6
706.6
681.3
696.3
727.8
707.1
684.3
695.5
705.3
718.5
683.8
713.0
704.3
702.9
707.8
704.5
697.7
684.2
711.1
689.0
712.4
697.9
709.0
700.1
702.7
714.8
700.4
710.8
693.8
723.6
695.3
709.6
718.9
688.7
704.7
699.2
700.2
717.2
697.4
702.2
712.1
725.8
706.6
695.7
686.4
699.3
723.6
699.2
704.9
687.2
704.3
677.3
708.1
706.4
701.7
695.8
694.1
705.1
695.6
717.7
705.9
710.6
699.8
691.4
706.5
694.1
708.7
733.3
705.9
698.1
711.2
704.4
707.8
698.9
702.5
696.8
713.6
691.1
718.9
702.3
696.7
722.1
688.4
714.8
710.5
688.1
702.1
713.9
682.8
705.8
708.7
694.1
718.9
692.4
702.7
695.6
690.4
707.2
699.6
704.0
688.9
694.5
694.4
699.8
718.2
714.9
684.3
706.4
704.1
703.7
703.1
707.3
710.2
691.1
696.0
691.7
705.7
697.4
697.8
688.8
694.0
731.2
697.7
700.6
696.7
708.7
713.6
695.8
709.8
693.1
695.2
732.2
687.1
705.3
706.1
705.6
707.3
709.1
712.6
694.7
707.8
706.4
704.8
694.7
680.4
703.3
695.7
701.2
691.3
702.5
715.9
703.0
716.3
698.8
693.2
693.8
700.6
702.7
709.0
704.1
710.3
688.0
716.0
686.6
694.5
704.6
695.4
684.7
704.4
694.2
718.8
694.0
701.0
710.0
706.6
703.2
692.4
721.0
716.0
700.6
702.5
692.6
688.2
697.3
702.0
699.7
706.6
699.0
678.2
713.5
700.6
715.9
695.5
699.1
701.7
702.6
697.9
690.5
704.2
689.6
700.2
703.2
707.7
727.2
732.5
710.8
704.2
709.6
688.4
695.1
703.9
711.4
711.4
693.6
715.4
690.3
714.3
678.9
693.5
711.4
679.5
699.4
701.1
717.4
706.7
699.6
709.2
695.1
695.5
712.9
699.2
708.3
701.9
701.3
707.9
695.5
711.4
705.2
691.0
702.7
688.2
724.8
699.3
695.9
718.3
692.0
708.4
699.8
706.8
702.9
683.4
723.4
731.9
686.8
697.9
691.8
709.9
696.3
693.5
695.1
719.6
720.9
701.8
710.8
690.6
690.4
717.0
712.3
714.7
706.0
677.3
710.3
696.6
723.1
695.5
709.3
696.8
690.6
720.4
718.2
711.9
674.1
716.0
682.1
705.3
703.7
688.9
686.6
705.6
696.5
708.2
706.8
694.3
693.1
698.9
698.9
699.3
699.0
702.2
711.2
716.4
697.7
726.1
691.1
722.6
706.4
696.2
703.9
721.3
722.8
705.8
687.0
704.0
693.6
694.1
707.7
715.0
709.1
701.4
699.5
711.2
701.7
726.3
708.8
701.1
696.2
707.9
696.1
707.3
716.5
702.4
723.0
717.8
713.1
704.0
719.3
727.6
692.5
698.9
689.8
702.4
702.7
704.5
694.7
705.8
702.2
716.1
705.8
710.9
695.6
703.8
703.1
704.5
716.9
714.7
696.0
692.3
707.1
698.8
709.4
708.9
694.1
708.6
696.7
709.6
717.9
688.8
710.1
705.8
693.1
687.7
702.0
704.2
717.1
696.6
692.5
704.6
699.9
709.4
700.5
717.9
689.7
694.5
703.9
702.3
705.5
695.3
703.9
722.2
711.9
697.4
710.7
723.6
714.4
698.1
683.7
713.0
700.5
695.5
695.3
692.2
689.4
703.5
693.3
692.3
708.6
712.2
704.2
712.5
696.2
698.9
706.5
697.5
693.2
706.5
698.9
711.5
694.9
703.3
692.9
705.5
711.8
714.3
707.3
679.5
714.5
684.4
692.7
703.4
702.8
713.8
702.2
699.9
701.5
708.6
699.0
700.4
712.2
706.8
693.3
687.1
717.3
701.3
691.9
689.9
698.8
702.0
716.5
703.8
709.4
709.6
696.7
707.8
707.3
697.1
704.9
706.7
720.3
708.2
701.4
704.0
708.9
705.5
696.1
693.4
702.9
687.8
696.7
700.4
704.4
709.2
714.3
717.0
709.4
683.5
697.4
708.9
695.9
712.9
700.6
699.4
705.1
692.8
705.3
695.7
695.3
693.8
707.0
700.0
705.4
718.9
702.1
725.7
701.0
675.3
683.4
692.9
699.5
715.8
705.6
695.1
719.3
706.9
706.0
711.7
713.4
706.7
705.4
697.3
702.5
702.5
706.7
689.8
693.8
704.2
697.6
700.6
715.1
692.2
700.3
703.7
704.2
717.5
708.1
695.7
700.1
715.6
694.3
700.2
704.1
701.3
695.7
715.7
685.7
707.7
714.3
702.3
700.9
709.2
715.0
698.1
695.0
713.6
699.1
714.3
701.9
711.0
724.3
707.2
713.9
714.8
703.0
709.6
697.8
692.9
710.8
706.4
700.7
704.8
695.3
704.4
702.4
694.7
695.5
700.4
685.7
697.0
683.3
696.1
706.9
712.6
704.9
710.8
722.0
698.8
687.3
710.2
710.3
707.7
698.5
718.2
716.0
712.8
703.4
696.7
703.4
701.0
723.7
698.3
711.3
716.3
691.1
701.0
724.2
698.3
694.4
693.7
718.4
706.5
720.4
704.3
736.4
686.6
722.8
707.4
708.7
709.5
713.1
718.5
700.9
686.5
703.8
711.7
699.5
715.9
701.8
723.0
694.7
706.3
699.5
707.2
715.0
709.7
703.6
724.7
713.1
715.8
705.3
702.2
720.4
699.6
709.0
715.3
703.2
705.6
706.6
706.6
693.5
712.0
696.8
692.4
709.5
707.7
709.3
# Found 1000 complete reps.
# mean(depth) = 703.4956.
# std (depth) = 10.730786580675248.
# sem (depth) = 0.3393372668010397.
