856.2
838.9
854.3
826.5
820.1
858.4
838.1
835.2
847.7
837.6
828.3
825.4
831.9
843.6
854.9
847.7
836.8
835.7
820.3
817.2
824.7
849.2
821.7
816.2
822.4
853.5
848.2
845.2
830.5
832.6
846.4
841.7
835.0
844.6
839.4
865.0
845.8
837.9
822.5
854.6
820.6
830.5
843.6
834.1
850.4
836.1
864.3
839.8
834.6
846.3
825.0
859.6
834.5
838.4
827.1
836.5
842.6
851.1
828.1
829.8
847.6
827.9
851.3
837.3
852.3
824.1
828.9
846.4
841.7
833.9
821.3
816.1
842.3
853.6
830.2
840.2
825.3
830.8
848.0
846.4
833.2
851.2
832.9
821.3
837.8
852.7
831.6
836.8
857.4
820.0
833.9
841.7
834.9
830.5
837.7
847.6
833.4
840.9
845.3
841.3
838.3
849.9
860.5
843.2
830.4
815.3
854.2
833.0
821.0
826.2
847.0
834.0
824.4
826.8
855.0
858.1
818.2
832.5
832.4
835.3
853.6
840.9
851.1
831.5
844.7
826.9
831.1
814.3
828.6
834.0
836.1
834.3
841.3
864.8
824.6
825.5
827.9
845.1
821.8
846.6
847.9
832.2
837.7
832.3
834.7
825.5
858.2
837.5
835.6
855.8
841.9
828.0
827.2
832.3
860.9
846.5
850.3
837.2
830.7
844.0
822.4
824.6
841.3
845.0
817.5
861.3
848.5
832.6
856.8
839.7
843.1
831.9
839.3
813.5
833.3
841.7
839.6
814.4
829.9
851.1
843.4
820.6
843.4
843.0
841.6
875.7
832.8
822.9
834.7
844.6
836.5
855.0
828.1
824.5
845.3
821.1
874.8
832.3
844.9
810.6
805.7
835.1
855.6
841.3
829.9
836.8
819.2
841.4
847.0
842.8
826.3
841.7
828.6
848.2
854.4
837.7
842.7
836.2
837.6
836.4
835.5
833.0
840.1
837.0
833.0
852.9
845.4
829.3
847.9
838.3
868.6
823.2
817.4
822.7
848.0
821.6
838.5
823.3
809.4
843.9
829.5
867.3
827.6
854.7
828.6
843.1
834.0
858.4
826.3
842.2
839.8
840.6
831.8
857.3
841.8
841.4
835.9
850.4
843.1
830.0
822.4
823.6
857.8
839.6
835.4
827.7
829.4
846.9
839.0
855.0
837.5
864.8
848.2
843.7
844.5
828.5
841.4
823.8
871.2
810.1
820.3
854.8
850.8
847.7
829.0
844.0
833.7
839.8
835.5
838.7
821.1
842.6
823.4
824.1
827.4
836.9
819.1
866.7
837.0
830.1
839.8
819.5
842.5
824.7
849.7
839.5
840.7
843.0
833.2
841.9
849.2
818.6
840.1
842.3
841.7
839.3
828.8
853.4
843.9
851.8
830.1
834.7
854.7
820.6
841.5
837.9
815.7
834.4
835.0
837.4
832.2
862.3
824.2
830.8
844.2
848.6
842.0
846.0
835.9
834.7
828.9
844.2
842.8
831.8
836.5
850.4
852.9
830.4
847.1
841.3
848.5
858.9
849.5
815.0
837.6
831.3
836.6
822.6
812.0
838.1
845.4
832.5
818.3
828.2
851.2
840.9
834.9
838.2
828.0
810.0
833.6
820.7
815.7
837.9
833.4
832.8
867.7
839.5
839.8
844.3
844.2
834.0
837.9
844.2
819.0
854.7
838.1
847.5
860.4
843.4
823.5
818.1
826.2
838.8
836.4
833.4
857.6
854.7
827.6
844.9
840.3
829.5
853.4
848.1
820.3
832.2
813.3
820.5
842.0
855.3
839.4
839.5
827.3
853.4
834.7
835.2
859.7
839.1
823.4
849.5
837.1
853.5
847.9
870.1
834.2
830.6
844.9
810.3
863.2
841.5
852.2
846.4
828.2
838.4
854.1
848.7
832.3
844.7
830.1
828.6
827.4
843.6
838.3
830.7
815.2
834.5
836.4
833.2
856.4
835.2
835.1
819.9
836.9
858.2
805.8
835.4
839.7
823.0
845.7
827.4
825.9
854.2
833.7
852.9
842.9
828.2
846.8
843.0
837.6
833.7
839.6
819.4
855.6
813.6
835.3
849.4
838.7
866.8
843.5
835.3
841.5
828.0
833.2
845.6
822.0
827.2
840.1
855.6
837.6
832.3
836.9
840.0
828.0
841.5
824.3
827.3
834.6
831.1
850.2
814.1
832.4
840.5
823.5
850.5
834.4
854.1
842.7
843.2
846.7
834.6
831.5
837.3
829.9
828.6
822.0
837.7
831.8
825.3
837.5
825.9
814.3
829.9
840.3
824.5
821.3
840.9
846.8
829.4
836.8
836.6
826.8
835.3
831.7
825.2
858.3
849.0
855.5
840.7
834.0
853.6
838.4
828.1
833.4
828.7
815.7
834.2
843.2
842.7
837.7
827.8
837.9
830.0
831.6
827.1
836.4
826.5
824.5
818.5
848.3
835.9
859.9
810.6
832.3
841.0
837.3
839.2
827.5
845.3
844.8
826.0
831.0
829.9
836.0
832.3
838.7
845.8
830.8
844.2
823.1
816.3
858.1
829.1
838.7
845.9
834.6
814.5
820.2
841.6
824.1
823.6
850.3
837.9
846.3
839.5
825.8
844.1
837.6
853.8
829.9
821.8
856.5
841.6
852.1
832.5
846.9
837.1
808.8
839.9
851.8
832.7
825.9
830.3
838.8
836.3
845.8
836.6
829.8
851.3
831.5
873.1
838.5
845.4
849.4
841.2
835.6
851.9
823.3
844.6
826.0
836.8
811.6
851.0
826.1
837.4
835.0
837.1
830.4
819.7
854.9
829.3
839.9
827.7
824.5
826.8
855.9
817.3
830.6
844.4
847.1
841.8
848.4
826.7
833.4
836.7
844.7
836.9
850.3
834.3
871.2
837.7
852.8
834.5
851.5
848.8
840.6
841.3
834.5
837.3
844.9
844.9
847.6
831.6
840.1
839.1
840.5
851.0
822.5
833.2
847.9
821.4
853.0
843.2
840.5
846.3
827.0
836.2
831.3
884.9
830.0
847.4
834.8
855.8
863.5
810.9
839.1
822.3
829.9
840.9
849.9
832.8
843.4
847.5
846.4
835.8
840.7
846.0
840.5
814.3
837.6
853.4
865.3
850.5
853.9
847.3
845.3
837.8
824.2
835.4
850.1
835.2
835.0
846.9
846.0
831.8
822.5
822.3
820.3
835.4
837.6
812.9
838.9
810.2
842.0
840.5
848.8
813.9
844.2
826.1
824.6
835.3
835.3
848.3
845.6
828.1
844.7
839.8
836.9
847.0
850.3
840.9
829.5
824.1
813.3
837.5
846.3
861.4
812.8
820.3
828.9
811.7
833.9
836.3
834.6
831.1
849.3
852.1
826.2
869.8
844.7
824.4
841.4
829.4
831.7
813.8
860.7
840.6
842.0
838.2
823.6
845.7
834.2
854.9
796.8
852.6
822.6
849.6
846.7
831.4
835.7
828.0
840.2
824.2
842.1
836.5
850.1
843.2
830.6
850.9
842.5
840.3
824.7
819.3
825.0
842.9
838.9
845.0
837.4
813.5
852.8
847.5
816.9
823.7
846.5
827.0
857.6
834.3
836.6
837.9
832.3
833.5
819.9
829.5
812.3
856.0
846.0
823.7
816.3
855.3
864.3
834.5
825.8
814.5
826.5
838.3
832.3
858.3
832.8
835.3
820.5
829.5
828.1
832.4
837.5
837.7
847.3
833.7
837.2
838.0
840.4
826.5
831.1
832.8
823.6
845.1
848.0
846.7
834.3
840.1
836.9
835.0
834.4
840.1
842.7
836.9
835.0
840.4
837.5
827.4
837.2
851.0
831.8
838.2
847.2
848.1
813.9
820.2
822.9
826.2
840.0
845.6
833.0
838.5
833.2
825.0
832.5
834.9
830.1
827.0
853.3
832.3
831.2
847.0
831.1
835.5
841.0
835.2
819.3
827.6
834.6
831.8
823.7
838.8
842.6
848.8
852.3
857.4
822.6
843.3
849.9
846.9
826.4
832.4
823.4
844.8
841.3
834.0
829.6
839.3
834.6
817.4
831.4
840.4
846.6
825.8
817.2
837.1
832.6
837.8
853.6
847.0
834.2
837.7
825.8
841.2
847.3
850.3
838.7
831.3
853.0
837.8
812.4
825.2
831.3
851.3
836.8
835.6
841.9
814.5
847.7
835.3
837.0
850.2
826.4
839.7
847.4
838.3
836.8
856.3
844.5
845.1
836.0
831.7
820.2
844.5
835.6
841.1
832.0
852.7
849.8
833.3
837.8
830.9
858.0
841.4
841.6
853.1
849.6
834.6
852.6
834.3
824.1
844.6
848.0
827.0
827.2
856.5
830.6
847.3
845.3
845.6
818.4
849.7
840.6
853.1
832.8
845.8
843.8
857.6
843.7
845.1
# Found 1000 complete reps.
# mean(depth) = 837.4123999999999.
# std (depth) = 11.937887846683767.
# sem (depth) = 0.37750916047163674.
