710.2
696.8
704.5
695.3
683.0
708.6
696.3
733.7
687.7
697.6
685.8
688.5
687.6
696.8
707.6
710.1
711.2
706.5
673.4
682.1
703.0
693.1
696.5
688.2
690.2
700.7
697.0
710.3
704.1
696.2
717.2
706.0
702.9
692.1
704.8
714.6
700.7
697.7
687.7
716.5
684.1
702.5
706.1
699.9
707.7
688.2
698.1
703.9
702.2
681.9
702.3
687.1
678.5
721.8
689.2
698.9
705.4
705.9
686.0
681.0
706.7
693.5
719.7
690.0
694.8
694.5
679.9
700.5
708.1
703.9
701.9
711.0
695.3
718.7
712.1
688.7
697.0
707.6
689.5
702.3
695.4
699.9
715.3
696.8
691.5
708.5
694.4
709.5
699.0
698.7
694.6
698.7
707.9
685.6
687.9
680.5
672.8
709.6
705.6
704.0
706.7
696.4
698.9
710.8
700.3
674.1
702.2
685.5
689.7
681.7
683.8
706.8
685.2
680.8
692.0
715.4
685.0
691.8
693.4
694.8
708.6
695.0
710.7
695.9
689.9
684.2
695.2
684.2
703.3
705.2
707.2
691.4
707.1
700.6
721.0
693.6
685.5
719.6
705.0
706.8
688.5
708.0
704.8
682.8
712.6
693.7
701.9
702.9
687.2
715.4
691.4
691.5
680.7
708.0
723.1
700.5
708.9
707.8
678.1
694.4
686.1
699.8
691.9
699.1
692.0
691.3
717.7
682.5
692.2
698.9
696.5
694.3
707.0
689.8
720.3
682.2
700.7
696.0
715.2
703.9
695.7
687.7
699.4
711.2
716.6
717.4
697.6
671.4
713.1
693.1
712.5
701.2
701.7
687.8
694.8
692.0
713.5
693.7
699.5
683.5
679.0
698.0
701.0
699.0
683.6
706.3
689.9
720.1
701.2
699.5
706.1
708.5
686.3
722.8
696.0
721.2
688.8
689.6
713.3
691.7
681.7
689.9
700.9
718.7
700.2
712.4
699.0
693.7
699.4
715.4
706.7
698.1
694.4
673.5
692.3
695.3
708.6
681.3
688.9
717.1
691.2
703.2
688.5
729.4
680.4
686.6
684.5
708.4
688.2
700.8
704.5
710.3
700.9
713.7
705.7
703.3
688.9
700.3
707.5
687.9
709.9
681.0
691.1
707.1
696.8
686.8
707.5
698.8
700.9
712.5
694.2
713.9
693.0
688.2
707.7
713.2
693.1
700.9
710.0
690.9
703.7
693.9
722.3
698.0
689.7
703.6
700.4
711.2
704.0
704.9
693.7
688.4
686.5
692.3
702.3
707.7
711.2
717.0
683.7
691.4
703.6
697.9
716.1
697.4
717.1
700.4
703.6
709.7
719.3
698.7
691.0
687.3
697.3
698.5
701.5
720.6
709.0
713.5
705.8
707.9
682.0
695.3
720.7
693.9
694.3
703.3
715.6
716.8
694.3
695.0
703.7
709.8
682.7
689.4
697.8
704.8
707.3
697.6
694.6
705.7
701.9
705.6
718.2
698.4
699.4
712.6
714.5
694.2
716.5
708.7
698.2
692.7
706.0
705.7
683.3
693.5
694.5
693.9
689.2
699.7
703.4
697.9
713.3
674.7
699.7
707.1
683.8
693.6
696.9
698.1
689.1
698.5
695.4
709.4
696.6
698.4
714.0
690.6
699.7
702.8
707.7
704.1
695.9
694.0
693.5
704.4
687.5
703.0
726.6
699.7
684.3
683.9
694.8
690.6
696.5
690.7
701.0
696.6
690.4
693.8
698.2
714.9
697.0
705.3
687.5
677.2
700.2
687.1
701.7
702.1
697.8
711.8
705.4
685.1
716.1
709.4
707.8
702.8
691.4
688.0
704.1
702.4
714.3
706.3
685.2
696.5
691.1
690.2
717.4
686.5
701.5
694.5
710.5
699.9
697.6
689.2
687.7
711.6
678.1
696.3
701.1
698.5
692.7
700.2
694.0
689.1
696.3
713.5
689.6
684.7
696.5
687.4
708.9
707.3
689.2
702.9
691.7
709.0
713.5
691.8
709.6
683.8
685.0
706.6
698.0
701.3
697.6
699.7
701.2
707.9
676.2
683.7
707.5
707.9
688.2
707.2
708.7
716.2
710.7
701.1
686.6
693.9
710.0
715.5
708.1
693.4
679.4
712.3
703.6
696.5
687.9
681.7
694.7
713.8
710.2
678.6
694.1
699.5
699.6
698.0
684.3
703.4
671.5
703.7
700.6
688.5
701.3
706.2
708.0
696.8
698.4
682.4
706.4
696.7
693.2
705.2
711.2
692.3
693.2
689.5
679.0
690.4
698.8
693.7
692.5
686.3
716.1
697.0
676.9
704.3
682.2
678.0
674.5
695.3
711.3
700.4
697.7
699.3
691.4
696.2
679.1
687.6
685.0
688.6
685.6
697.0
707.8
697.9
700.1
693.7
703.8
674.4
698.8
685.1
679.1
670.2
696.5
690.5
683.4
678.6
711.8
704.6
682.8
706.4
695.4
689.7
687.8
706.4
697.8
688.4
711.4
714.5
701.5
697.7
687.8
695.1
697.2
698.6
700.5
686.2
703.1
679.5
701.7
689.0
681.4
699.4
697.4
694.8
689.4
677.6
710.6
710.0
701.6
705.0
698.4
691.9
689.9
705.8
707.3
707.2
710.7
691.4
713.6
701.9
706.4
705.0
699.2
705.5
705.9
692.6
701.6
692.5
711.0
686.0
690.7
698.4
697.7
710.8
694.0
701.0
697.2
691.6
715.0
693.1
711.3
725.2
704.9
696.4
682.2
702.8
708.4
697.1
686.2
696.9
709.7
703.1
692.4
683.4
706.4
675.2
673.1
687.2
690.5
693.2
689.5
700.6
691.1
716.0
682.7
691.9
696.1
687.2
692.6
690.2
707.1
707.8
702.7
701.6
701.4
692.2
698.7
686.8
708.9
694.1
692.7
711.6
691.2
681.8
704.4
698.9
705.8
685.6
701.1
686.8
686.7
684.4
693.3
699.2
713.0
702.6
699.9
686.4
715.1
705.6
700.9
702.8
695.1
713.4
675.7
692.9
695.3
716.2
712.5
672.1
680.3
668.7
676.8
700.2
703.8
688.6
712.7
700.5
692.3
690.2
701.7
716.9
701.5
700.1
686.0
710.1
707.1
687.0
709.9
689.1
691.3
708.4
686.0
695.1
707.6
689.8
719.8
706.3
684.0
706.2
703.6
690.9
682.6
686.4
713.1
704.4
703.2
690.9
698.3
701.0
698.6
685.3
721.1
686.0
693.3
690.8
697.7
710.2
706.1
694.7
720.4
707.1
693.1
714.5
704.3
688.8
690.1
691.8
708.0
690.7
691.9
691.7
681.6
702.0
699.6
681.7
695.5
703.8
701.5
689.6
688.9
701.7
705.6
726.6
712.1
694.9
701.5
687.0
694.3
681.3
700.2
703.6
698.5
683.6
706.4
700.9
695.3
701.9
689.2
696.1
712.6
694.4
707.7
710.9
699.5
703.1
689.2
696.1
707.6
707.0
708.2
707.6
684.0
721.6
698.2
703.0
701.2
680.2
704.1
711.4
701.8
705.9
690.1
682.8
721.1
684.2
691.6
698.0
707.0
695.7
696.1
700.9
700.1
696.4
684.8
695.0
682.8
708.5
678.4
703.0
704.2
689.4
706.3
721.0
706.9
714.9
683.1
686.7
698.4
677.1
700.7
693.3
683.1
682.1
683.4
705.6
696.0
695.5
683.1
690.5
707.4
689.8
690.9
695.0
695.6
695.1
695.7
690.0
692.0
702.6
713.4
707.2
688.7
715.2
714.9
679.4
703.8
691.0
709.9
690.6
692.3
703.2
693.3
702.5
707.3
703.8
679.7
691.7
686.5
707.1
687.9
706.0
668.7
708.6
689.6
696.2
717.2
700.9
690.8
684.3
685.5
690.7
693.3
678.4
707.9
684.6
692.1
722.7
689.4
703.4
700.9
696.2
691.9
684.3
702.6
679.1
710.7
695.0
688.2
724.3
703.4
700.5
688.0
700.1
694.5
707.8
694.6
696.7
702.8
702.1
690.1
698.5
679.3
701.1
692.0
686.3
693.5
685.9
698.3
710.7
669.8
701.3
697.3
706.4
712.0
700.4
700.2
703.1
688.0
703.2
696.6
704.6
698.1
693.7
697.1
676.5
693.2
688.0
696.3
697.9
692.6
690.6
703.8
683.4
711.4
705.2
711.8
696.0
700.7
687.9
705.6
710.1
697.5
724.1
697.2
719.4
710.1
702.0
710.4
712.4
706.6
693.3
688.6
689.8
708.3
700.8
706.0
685.6
704.0
705.7
689.3
697.0
710.4
709.3
703.6
717.0
707.3
706.1
717.5
682.6
697.3
719.7
688.5
701.7
713.3
703.3
686.9
695.5
690.7
701.5
701.9
695.2
701.0
714.0
689.9
698.7
# Found 1000 complete reps.
# mean(depth) = 698.245.
# std (depth) = 10.770644131155759.
# sem (depth) = 0.3405976732157752.
