9.3
12.4
10.3
9.7
9.2
10.5
11.1
11.7
9.9
9.2
14.0
11.1
9.8
9.9
10.2
8.6
8.5
12.2
8.5
8.0
8.7
10.1
8.8
9.9
8.1
9.8
7.2
11.0
9.9
9.7
11.8
9.1
8.8
8.5
13.1
12.0
9.9
9.5
10.6
8.7
8.7
9.8
12.2
10.1
10.4
11.6
8.4
9.3
9.7
8.6
9.5
10.1
9.0
11.4
8.5
9.2
10.3
9.3
8.7
9.6
8.8
10.7
9.1
8.5
9.3
7.3
11.1
9.8
10.6
10.1
8.4
11.0
9.9
20.1
9.4
10.3
8.6
7.9
10.9
11.7
9.3
10.5
9.0
10.1
9.4
9.8
10.2
7.4
10.3
10.7
9.2
8.8
11.4
10.6
8.5
13.0
9.8
8.7
9.1
9.7
9.1
8.8
10.2
8.7
12.5
10.6
9.3
10.8
7.3
10.1
8.7
9.5
10.3
8.5
9.1
8.7
9.0
8.9
9.3
11.4
9.7
9.7
10.6
10.7
9.7
8.4
13.0
10.1
10.7
11.4
9.5
9.6
8.5
8.5
10.3
9.0
9.5
9.0
8.9
11.1
9.4
9.1
9.8
8.9
8.6
8.3
9.8
11.8
10.4
13.6
11.5
10.3
9.5
9.6
10.2
10.7
10.0
9.3
8.4
8.5
9.6
10.3
11.8
9.4
11.9
11.2
7.4
11.8
10.7
9.5
8.7
9.8
12.6
9.1
11.0
11.3
10.0
9.8
9.1
11.4
11.6
9.6
10.4
10.7
11.7
12.6
9.5
10.4
11.8
10.2
10.3
9.7
7.9
9.2
9.0
7.9
10.2
9.8
12.5
9.4
10.5
9.8
10.0
10.7
10.5
12.1
10.2
9.4
10.2
8.7
9.8
8.3
11.0
9.5
13.1
8.9
11.3
10.3
8.7
11.5
7.5
9.1
9.9
8.5
9.8
12.5
9.4
9.1
12.1
10.6
8.8
11.8
9.7
8.7
10.1
12.4
9.4
10.5
10.2
10.1
9.1
9.2
9.1
11.2
8.9
10.0
11.2
9.6
10.5
9.2
8.8
10.0
8.9
9.3
7.8
8.6
9.5
10.4
12.7
8.4
8.5
9.6
8.3
10.8
9.0
10.8
6.8
10.2
11.8
8.8
10.3
10.4
10.4
9.5
8.4
9.5
8.8
11.0
11.5
8.8
10.2
7.4
9.7
10.3
8.5
10.5
9.8
10.6
9.4
9.4
11.5
9.6
10.2
10.1
8.4
8.3
9.2
10.9
9.8
8.7
9.6
8.9
10.3
9.3
9.4
10.2
9.1
8.1
9.2
8.6
10.1
11.4
11.0
8.8
10.1
9.9
10.9
10.5
9.8
11.1
8.8
10.1
11.4
11.8
8.5
10.0
8.3
9.3
11.0
10.5
12.8
10.5
9.9
10.0
11.3
11.5
8.9
9.1
8.7
8.7
10.8
8.7
10.5
9.8
10.3
9.7
10.6
10.4
12.3
12.7
10.5
9.7
7.9
11.6
9.1
9.1
10.9
12.0
10.3
9.6
10.2
8.6
9.3
8.9
12.3
11.1
10.7
9.5
11.1
11.2
7.6
13.1
10.1
9.9
10.9
9.1
10.7
10.7
10.0
8.6
10.4
9.1
7.8
9.3
9.4
8.7
11.6
8.5
8.6
11.1
10.5
9.4
9.4
10.5
13.9
8.0
9.2
9.4
11.0
9.5
8.9
10.6
7.8
12.9
13.6
9.9
9.2
9.6
9.3
8.8
10.7
10.2
10.6
9.1
10.1
8.5
10.4
11.5
9.3
9.5
12.2
10.5
9.8
10.4
9.8
10.4
9.4
10.0
10.6
9.2
10.6
8.2
8.1
8.0
10.5
9.7
8.3
9.1
9.0
9.6
9.3
10.1
11.8
8.1
10.3
11.6
12.2
10.2
10.1
10.3
14.6
9.1
10.8
9.6
10.8
10.0
10.3
8.9
9.5
9.5
11.2
10.1
9.4
8.9
9.8
9.3
10.3
8.7
8.1
8.4
9.3
8.5
9.7
10.4
8.8
9.5
9.5
9.6
11.5
10.4
8.5
10.0
9.4
10.4
11.1
9.6
9.9
12.9
9.6
9.0
8.7
12.4
10.5
11.7
7.8
11.8
7.1
10.1
10.2
10.4
8.9
8.6
10.5
10.9
11.0
10.0
8.5
9.2
8.9
10.0
9.1
9.6
11.6
10.1
9.3
11.2
8.8
9.2
10.5
11.1
10.5
12.1
10.0
9.8
9.1
8.4
8.1
9.0
10.0
9.9
8.3
10.4
7.8
12.0
15.7
9.9
13.5
8.9
10.2
10.5
10.4
9.7
11.8
8.6
9.9
9.4
11.0
11.0
9.6
10.9
10.7
9.5
8.6
9.8
9.4
9.5
9.3
9.1
11.6
10.6
8.8
9.3
12.0
10.7
9.2
9.3
11.4
10.2
11.3
11.6
10.7
10.2
11.0
11.8
11.9
8.0
9.3
9.2
11.1
10.2
10.6
9.3
9.7
7.9
9.6
10.1
11.4
9.9
9.2
10.1
11.2
8.8
9.2
10.4
10.4
7.8
9.4
12.5
8.4
10.8
11.5
9.0
9.3
10.9
14.0
8.4
9.1
10.2
9.9
10.8
11.3
10.7
12.0
9.9
10.5
10.6
9.8
9.9
9.6
9.0
11.3
9.0
10.9
13.0
11.9
11.9
10.1
9.6
8.4
10.6
10.2
10.5
8.4
11.1
9.2
9.1
7.7
8.9
11.4
10.0
8.7
10.1
8.7
9.0
10.0
7.7
9.3
8.5
9.1
10.1
11.3
11.7
8.8
10.9
11.8
9.0
8.8
10.4
8.4
10.2
10.2
12.2
9.1
9.6
9.8
9.0
8.3
10.6
10.7
9.5
12.4
8.6
11.3
10.1
10.2
9.3
10.7
8.7
8.3
10.1
10.2
7.8
10.3
8.4
9.5
8.2
10.1
10.9
9.5
9.1
9.2
13.3
10.9
8.4
8.5
10.0
10.1
9.4
12.8
10.0
8.8
9.1
10.2
11.6
9.8
11.9
9.1
9.5
7.5
9.8
8.4
9.7
10.2
9.1
7.4
8.4
9.6
10.9
10.9
9.7
9.5
10.2
9.2
8.9
8.2
11.2
10.0
9.1
9.8
9.9
9.2
9.2
8.5
11.5
10.5
9.8
11.1
10.0
11.4
9.6
12.7
9.0
8.8
8.8
10.1
12.9
11.0
9.0
10.1
10.1
9.8
9.6
6.6
9.9
8.8
10.7
9.3
8.6
8.8
9.0
12.2
9.1
12.1
13.4
11.6
9.6
9.7
10.2
8.9
10.7
11.3
9.7
8.5
10.8
9.2
9.9
11.7
10.0
8.8
9.2
7.8
8.8
10.7
8.7
13.9
10.1
10.6
11.2
10.0
9.8
9.1
9.9
12.5
10.1
9.3
9.3
12.0
11.2
11.1
11.3
11.7
10.7
10.2
9.4
9.4
9.9
8.7
9.8
8.8
8.6
11.0
10.9
9.3
9.5
10.0
12.7
12.4
9.9
9.2
8.7
8.7
7.6
11.2
10.3
8.4
9.3
11.1
10.8
7.0
8.8
9.3
11.6
9.8
9.2
10.2
8.9
11.4
11.2
8.9
9.7
9.6
9.9
9.8
9.6
10.3
8.7
10.9
10.0
8.3
9.5
10.5
9.4
9.6
10.6
9.7
9.7
9.7
10.8
9.5
10.5
10.2
9.4
11.2
10.0
8.7
8.6
8.3
9.3
7.6
9.7
10.1
8.8
9.3
10.1
9.1
9.1
9.8
10.2
8.5
10.3
10.0
9.1
10.8
8.2
10.2
10.2
11.6
10.0
9.3
8.5
10.3
8.8
9.1
9.1
7.8
8.3
9.7
9.3
10.3
8.5
10.2
10.3
10.4
9.8
8.5
11.6
10.3
10.1
8.8
12.4
10.7
8.8
8.3
8.8
9.5
8.9
8.1
9.8
10.3
9.1
12.1
9.1
10.6
11.4
9.9
9.7
10.1
11.2
10.2
12.0
10.7
10.8
9.4
9.3
9.1
8.5
9.5
9.6
8.6
10.0
10.7
9.7
9.9
10.0
9.3
11.4
9.7
8.3
11.4
11.1
8.7
13.4
10.0
11.9
9.3
10.0
13.2
9.8
8.8
8.7
11.4
11.8
9.0
10.2
9.9
9.9
9.0
10.1
10.8
9.2
9.2
9.0
11.7
11.1
9.6
12.3
10.8
14.0
9.2
11.0
9.1
9.9
10.0
8.8
9.2
11.8
9.4
14.0
10.1
10.5
10.1
13.6
10.9
9.0
10.1
10.3
9.8
9.0
10.7
11.8
# Found 1000 complete reps.
# mean(depth) = 9.9551.
# std (depth) = 1.2818478809905645.
# sem (depth) = 0.040535589177906374.
