7.3
8.4
5.9
5.8
8.1
7.9
11.6
7.0
8.4
7.9
8.6
8.1
8.9
8.6
7.3
8.1
9.7
8.4
12.5
12.1
10.4
8.1
12.3
10.0
8.4
15.6
8.1
6.0
7.2
9.9
9.3
9.3
8.1
14.3
12.0
9.9
8.0
7.3
10.7
8.0
9.2
9.1
7.6
7.2
8.5
7.2
9.0
7.3
7.6
7.8
7.5
11.3
9.4
7.8
15.3
8.6
6.1
12.9
9.6
7.8
7.1
7.9
11.6
6.3
8.4
8.5
9.7
7.9
7.3
8.6
8.7
10.1
7.6
8.9
9.2
8.7
8.3
9.5
7.9
7.8
7.4
12.4
8.6
7.1
6.7
7.7
5.3
9.3
8.4
11.6
7.5
7.2
11.5
16.5
9.9
8.2
9.2
9.5
11.0
9.8
11.4
8.7
6.8
11.5
8.1
6.9
6.3
7.3
6.5
7.4
6.7
10.2
5.5
8.5
11.9
8.4
11.0
7.9
9.3
12.0
12.0
9.3
12.2
9.2
6.1
9.0
9.0
9.2
6.8
8.9
7.0
6.8
6.9
6.6
8.5
6.3
7.2
7.2
9.5
6.8
8.1
9.5
7.6
12.6
11.5
9.6
7.2
6.6
10.5
9.3
7.4
10.6
6.5
11.2
9.0
8.6
8.8
9.6
7.5
6.3
6.9
7.5
9.0
8.3
8.1
5.6
8.9
6.1
7.3
6.8
10.9
8.2
7.8
7.8
7.0
7.2
11.5
7.5
8.7
9.8
8.6
6.4
11.0
5.7
7.6
9.5
7.8
8.1
8.1
8.1
7.3
7.7
6.6
9.9
7.3
8.6
7.0
7.7
8.9
8.2
8.1
7.1
9.7
6.7
8.5
6.7
6.8
10.8
9.4
7.9
7.0
8.0
8.6
7.8
7.9
10.6
8.4
9.3
10.9
8.1
7.8
6.8
10.7
9.1
7.6
10.6
7.4
9.8
14.4
6.4
9.4
8.2
10.6
9.3
8.2
7.4
8.1
8.6
7.8
11.4
7.8
7.0
9.3
8.3
9.4
6.4
9.3
12.3
9.0
7.4
7.9
8.6
7.2
7.8
8.9
10.3
8.1
7.9
8.6
8.8
9.3
9.8
7.7
7.6
8.9
7.6
9.3
8.1
6.3
8.3
12.3
7.0
9.3
7.9
10.8
11.7
7.0
7.8
8.7
15.3
8.3
8.8
8.6
7.8
7.0
7.5
7.9
8.4
9.8
6.4
12.4
6.7
11.1
6.0
13.0
6.5
7.3
9.8
10.3
12.5
7.5
8.7
7.3
10.3
6.6
10.3
8.6
8.5
6.9
6.6
7.1
10.0
6.9
7.3
12.2
6.9
7.2
9.0
10.9
9.0
8.0
11.6
7.2
9.7
7.7
7.2
7.9
8.2
12.9
7.0
13.2
8.5
7.3
10.8
10.0
9.2
8.6
8.6
9.2
6.1
10.5
8.0
9.5
10.2
8.8
8.6
6.1
7.1
6.5
8.7
9.7
6.5
13.7
9.8
9.3
9.0
6.8
8.6
8.5
7.5
10.3
7.0
8.2
7.0
7.6
7.5
7.8
5.7
7.5
10.1
7.8
9.6
7.3
7.0
7.4
5.1
8.5
11.3
6.6
7.1
9.2
9.6
7.7
8.2
9.9
10.6
9.2
6.8
8.9
7.3
10.7
13.0
8.0
8.6
10.5
10.0
6.3
6.0
8.7
8.8
6.7
12.3
7.5
9.9
9.7
6.9
6.5
5.8
8.4
8.2
7.0
7.2
10.4
12.3
10.3
12.1
6.8
6.9
7.1
8.8
7.7
11.0
7.9
7.2
6.6
7.7
10.2
7.9
10.7
7.3
9.6
6.7
9.7
11.3
5.9
6.9
6.3
8.4
5.6
6.4
7.6
9.9
5.8
6.0
7.0
9.2
7.4
7.5
9.9
8.4
9.3
9.1
10.9
7.3
10.9
10.2
9.3
11.0
8.7
9.1
7.5
8.9
7.8
11.9
7.2
8.2
6.2
9.5
10.3
6.7
7.0
5.8
6.9
8.8
8.2
9.5
9.0
7.9
9.7
8.3
7.6
6.6
6.9
7.1
8.1
7.0
6.0
8.5
6.6
6.9
8.3
9.1
6.6
7.9
8.2
13.1
11.0
10.6
8.0
8.2
8.5
10.1
7.3
9.4
7.5
6.2
8.8
7.3
9.6
7.2
10.5
11.1
8.0
7.0
7.2
9.4
9.6
9.1
9.6
9.7
7.4
7.1
7.7
7.1
10.6
7.6
9.4
9.1
9.2
5.0
8.7
8.1
7.5
8.9
6.9
10.4
7.1
9.1
9.8
7.2
6.6
7.6
7.5
7.0
5.0
7.8
7.5
7.6
14.0
7.3
8.1
7.8
7.2
8.2
8.8
7.8
7.0
7.3
7.8
7.3
9.5
9.1
8.2
7.1
7.0
6.5
8.8
9.3
8.5
8.1
7.8
10.0
8.1
7.2
7.9
7.9
9.1
9.2
9.1
12.1
7.9
7.5
8.2
7.5
8.5
7.0
7.1
7.4
13.9
9.0
8.7
10.2
9.1
7.0
6.4
8.6
6.3
8.1
7.6
11.2
6.6
10.2
9.6
13.8
8.0
6.7
9.2
9.6
9.7
9.0
8.7
8.1
11.2
8.5
8.0
10.1
8.0
7.2
6.0
8.7
6.9
13.2
6.1
8.6
6.5
7.1
6.4
8.2
7.8
7.3
6.8
6.7
9.2
10.9
6.7
7.5
7.7
7.0
7.5
7.2
7.4
6.5
7.6
8.5
10.1
12.2
10.3
5.6
7.7
7.4
8.9
8.7
5.4
8.3
10.7
7.9
10.1
8.1
8.1
10.0
7.1
11.6
9.6
8.0
6.9
5.5
11.5
9.5
10.3
8.1
5.2
6.9
8.4
8.1
8.2
6.9
7.5
7.4
5.7
10.6
10.9
7.5
6.6
10.8
6.1
10.8
7.5
8.4
9.1
7.1
10.3
7.1
13.1
7.6
10.7
9.6
7.0
7.6
6.9
7.0
8.2
9.0
9.0
8.0
12.9
8.2
7.7
8.0
7.4
12.5
8.8
9.2
10.4
6.2
9.3
14.6
8.3
10.4
8.6
7.1
11.2
7.9
8.8
13.8
9.2
6.2
6.9
8.2
9.1
7.7
8.1
13.6
6.5
7.1
7.7
9.5
9.1
10.9
6.5
8.8
5.7
8.4
5.9
7.2
8.4
8.7
9.8
8.8
9.0
8.2
10.3
6.1
12.4
7.9
11.2
9.2
7.4
6.8
9.0
8.6
8.7
7.2
6.7
12.7
7.0
7.8
15.5
8.1
5.9
7.4
7.9
10.1
7.0
13.6
7.6
7.2
8.1
6.0
10.2
6.9
8.8
7.4
7.6
6.2
10.9
8.1
9.6
6.5
6.8
6.9
14.0
7.6
7.5
8.6
6.2
6.6
8.9
10.9
9.3
7.7
9.8
9.0
9.9
7.0
7.6
9.0
12.0
9.5
7.1
11.7
9.6
15.3
11.3
9.0
7.1
10.9
9.8
10.5
6.4
8.0
6.8
10.5
11.8
9.0
7.5
9.8
8.4
8.6
7.0
9.5
8.6
8.4
9.0
7.7
6.1
11.2
12.5
7.4
7.8
13.0
8.2
8.8
7.4
7.1
7.9
7.8
12.5
8.4
14.2
8.8
8.1
9.4
11.1
9.1
8.6
8.8
8.3
6.0
8.6
8.0
8.3
9.0
7.5
10.6
10.1
5.3
8.6
8.6
5.5
7.7
5.0
8.9
7.2
14.3
7.7
7.0
7.7
8.2
9.1
10.7
6.9
7.5
6.9
8.1
6.2
10.3
9.6
10.6
7.3
6.5
7.8
7.7
7.1
10.4
8.7
12.2
10.3
8.6
8.1
8.4
8.0
6.6
8.3
7.4
10.8
10.5
8.1
8.4
7.1
10.4
11.5
8.8
7.6
7.6
7.2
9.3
7.7
7.8
6.2
12.6
7.3
9.1
8.6
8.4
7.7
7.7
6.4
8.3
9.8
9.1
10.0
10.4
8.9
7.1
10.6
7.5
13.3
10.1
7.2
7.3
8.9
7.3
9.5
7.3
10.5
9.5
11.3
11.1
9.3
8.0
7.3
6.8
8.8
7.2
8.5
7.5
7.4
7.2
9.1
6.4
6.1
6.3
7.8
9.0
8.4
8.7
14.4
11.3
7.2
6.3
8.3
6.5
9.5
10.8
10.2
6.1
8.7
7.9
9.7
7.0
7.6
11.8
8.3
9.9
7.5
11.1
10.6
7.2
10.4
8.0
8.5
9.8
6.2
11.0
8.5
7.6
7.4
10.0
13.2
8.2
# Found 1000 complete reps.
# mean(depth) = 8.5809.
# std (depth) = 1.8171310326996235.
# sem (depth) = 0.05746272870304717.
