14.5
18.4
10.1
12.6
15.2
17.4
19.1
15.1
13.7
13.5
13.4
18.2
19.5
18.7
15.1
16.9
15.5
15.3
19.6
20.5
17.6
15.7
19.6
17.8
15.3
22.8
14.0
11.7
11.8
19.7
20.3
18.3
10.3
25.6
24.8
19.2
15.4
13.4
19.3
15.4
18.2
15.1
16.3
10.4
15.7
13.8
14.2
10.6
10.7
12.4
14.1
20.9
19.7
19.5
24.4
13.0
15.8
22.6
19.1
11.4
13.4
12.4
19.9
12.4
12.0
12.8
18.7
13.6
10.2
14.2
16.9
20.5
11.5
20.5
14.2
22.3
18.3
17.8
15.5
17.7
14.6
21.7
14.7
12.7
16.1
13.7
18.3
11.9
15.0
20.5
15.1
11.0
19.1
28.5
19.8
16.5
19.4
19.3
18.1
18.0
23.4
17.5
16.4
20.2
11.5
11.7
16.0
11.3
13.5
18.9
13.4
17.0
13.4
16.3
21.8
14.4
21.7
23.0
17.5
22.7
15.5
15.7
20.7
19.2
12.3
15.4
17.6
14.5
11.4
19.1
13.5
13.9
13.4
14.1
15.7
13.2
14.1
17.6
14.0
17.5
16.2
13.2
13.2
20.7
20.2
16.2
14.7
12.1
18.8
16.4
19.2
25.6
14.1
26.0
15.4
16.1
13.0
17.4
15.6
13.7
12.5
10.3
13.0
23.1
11.9
10.4
13.8
13.7
13.9
13.5
19.2
21.3
18.6
13.8
13.8
8.9
20.1
14.4
17.1
16.1
14.7
12.4
20.8
13.2
11.2
20.1
12.2
14.1
16.3
11.6
11.7
12.4
14.6
17.6
16.6
16.9
16.1
12.4
12.7
15.0
17.3
14.3
15.3
12.7
15.3
15.8
13.3
21.0
18.3
16.1
12.1
14.9
16.5
16.1
15.0
20.1
11.7
14.1
17.4
17.0
17.6
15.2
19.9
18.5
14.4
19.6
12.5
17.4
24.3
10.6
17.8
14.2
20.0
16.4
16.7
11.3
15.3
19.8
12.4
18.6
19.2
14.2
16.8
17.2
17.2
14.9
19.9
23.9
14.8
13.8
10.7
15.1
16.6
16.5
20.9
16.2
15.2
16.2
16.8
17.5
20.7
16.4
12.3
10.6
18.4
16.1
17.5
15.0
13.3
10.3
19.3
12.3
15.7
17.7
17.1
17.9
11.1
15.5
16.4
29.3
15.3
20.6
10.9
10.8
13.0
15.7
19.0
18.1
17.5
10.1
20.6
15.9
18.0
9.7
25.3
12.7
14.0
18.3
18.0
25.0
11.4
12.6
14.9
21.2
13.9
16.3
19.9
16.4
14.0
15.0
12.3
15.2
11.7
12.2
21.9
10.6
12.8
18.1
22.2
13.6
17.6
18.9
10.6
18.6
11.9
11.8
10.3
13.8
23.6
13.9
20.6
12.5
15.3
17.2
17.6
14.4
12.1
17.8
21.1
15.6
20.8
15.6
20.4
16.2
17.9
13.6
13.0
14.1
13.8
13.0
21.3
16.5
22.9
19.2
20.7
16.2
15.5
15.8
18.7
16.4
18.8
13.0
17.3
15.0
12.5
12.5
10.8
12.9
13.8
15.7
17.3
19.7
12.4
15.9
11.4
12.8
13.6
18.9
10.0
15.4
17.5
18.6
10.9
14.1
22.7
18.1
16.8
13.0
14.4
12.5
21.5
21.8
13.7
13.6
20.6
17.2
11.1
14.2
13.3
14.9
14.9
19.6
11.9
14.0
12.8
16.4
11.6
19.3
15.9
15.8
13.2
9.1
17.9
20.8
17.2
19.1
10.7
13.8
15.8
17.9
15.9
22.4
17.0
15.8
10.3
20.3
18.6
16.9
20.7
13.5
17.3
10.5
17.0
21.2
13.2
14.7
14.0
16.6
16.0
13.6
13.0
13.8
12.5
15.4
13.0
18.9
13.5
16.2
17.5
13.7
16.0
15.5
17.2
14.6
24.0
17.6
13.2
17.3
16.0
15.5
11.0
17.2
14.4
18.2
16.7
13.8
12.2
16.4
17.8
14.0
13.2
14.2
13.3
19.0
16.3
20.6
19.0
17.2
18.7
13.6
19.4
13.3
12.7
11.5
18.0
15.9
13.6
11.6
13.1
16.7
11.5
19.3
13.5
21.3
15.8
20.8
17.2
18.3
15.8
14.4
18.7
16.8
13.9
17.9
15.6
14.1
11.7
13.6
19.8
14.7
19.7
21.1
16.1
12.2
12.9
14.9
18.1
18.4
19.8
19.0
11.9
11.7
12.8
13.7
19.6
11.5
19.6
10.7
16.7
15.1
16.5
18.6
16.8
19.3
14.1
16.6
14.5
19.5
19.3
12.5
12.9
17.6
12.5
12.2
13.3
18.0
18.4
15.1
26.4
13.4
15.9
15.1
12.8
17.2
14.9
10.3
15.0
15.9
10.7
13.5
19.6
18.1
11.7
18.1
11.9
14.1
18.1
18.7
24.3
12.4
13.8
17.8
15.0
11.5
16.4
18.3
16.9
15.3
16.7
19.1
13.2
10.7
15.5
13.6
16.4
12.7
15.7
14.4
20.1
13.4
16.6
17.9
16.1
13.1
9.6
14.0
11.5
16.6
14.2
21.2
12.8
16.3
20.6
25.4
17.3
14.3
11.7
13.6
16.1
15.0
19.3
14.1
19.7
17.0
17.0
19.4
16.3
13.3
15.9
15.8
12.4
21.1
9.9
19.4
10.5
13.3
16.5
9.2
10.6
15.3
10.2
15.8
17.3
19.5
14.1
12.6
12.8
11.7
15.0
12.7
12.1
14.0
11.1
14.2
18.9
16.7
19.6
9.9
14.4
13.9
15.4
15.4
15.6
16.6
20.9
14.7
20.1
18.2
17.4
18.3
12.8
19.2
19.7
17.7
12.1
12.1
20.0
18.4
21.5
13.2
15.5
13.1
18.0
16.2
15.9
14.5
15.3
14.4
11.5
19.1
19.4
14.5
11.8
18.0
12.9
17.6
14.5
19.2
14.9
13.5
21.4
14.4
20.4
17.4
19.4
20.5
13.8
16.1
11.9
16.3
19.8
17.0
17.5
16.2
19.6
16.1
12.0
17.2
11.2
20.3
15.0
16.6
19.8
9.5
18.1
25.4
18.7
17.8
14.4
12.9
17.8
10.5
14.8
20.0
18.1
15.6
15.7
14.2
13.8
16.9
14.5
21.4
12.2
13.5
13.2
16.5
16.8
18.5
12.6
14.1
13.3
15.7
15.3
11.7
19.1
15.7
17.9
15.9
16.8
18.1
19.4
12.9
23.2
14.8
17.6
17.7
20.1
13.3
15.8
10.0
16.7
15.2
11.4
22.8
12.5
15.1
26.1
19.3
12.3
13.7
17.3
15.4
12.0
21.0
15.9
15.4
13.5
13.5
21.0
12.7
18.8
11.6
14.0
13.9
19.8
15.5
19.8
16.5
11.3
14.4
22.1
16.2
13.6
17.4
11.4
11.0
12.7
21.4
15.0
11.9
20.1
14.7
20.9
16.0
14.2
13.1
19.3
17.3
11.6
18.5
17.8
19.5
17.1
19.8
12.5
18.5
23.0
19.8
12.8
14.1
12.5
20.3
17.3
13.8
15.4
16.7
16.4
16.7
13.4
19.6
14.8
17.4
18.4
14.1
12.4
12.0
21.6
13.4
13.4
23.4
17.5
17.4
17.1
16.2
13.7
12.5
20.4
16.2
23.2
19.4
11.3
16.1
21.5
21.7
19.9
18.7
16.8
14.0
17.6
15.9
16.6
17.9
12.1
18.5
17.5
12.6
12.9
26.7
13.7
12.9
11.3
14.4
15.1
23.3
12.5
13.8
11.3
15.3
17.6
22.4
12.3
11.4
15.8
16.4
13.3
17.9
17.2
17.4
18.5
15.3
13.8
16.8
17.2
17.0
15.8
22.7
24.6
17.6
13.5
16.9
16.0
10.9
12.8
12.6
19.7
19.7
16.6
13.4
13.7
19.2
20.4
20.1
14.8
16.5
14.7
14.9
12.6
12.1
15.8
19.8
12.2
15.7
15.9
12.3
20.6
13.6
11.7
15.5
18.5
16.5
16.4
16.9
17.9
13.9
17.0
12.4
19.7
16.3
11.4
19.1
20.3
14.0
18.5
15.4
16.2
20.2
24.0
24.3
18.4
16.8
13.3
13.9
17.2
13.8
14.5
12.7
13.4
13.4
17.6
11.3
11.8
13.9
15.4
23.1
13.6
15.5
24.3
20.1
12.6
15.1
15.7
11.1
17.9
16.1
24.9
12.1
19.9
12.0
18.6
15.4
19.8
20.6
13.5
17.1
19.9
21.2
16.1
12.1
18.8
11.6
12.2
16.1
10.5
22.2
13.5
14.8
10.6
18.6
26.4
15.2
# Found 1000 complete reps.
# mean(depth) = 16.0322.
# std (depth) = 3.3954768678346197.
# sem (depth) = 0.10737440644771919.
