11.6
12.9
11.4
11.1
10.9
10.8
10.1
8.1
11.5
10.3
11.4
9.3
12.4
10.1
9.8
11.2
9.6
12.2
10.3
10.4
10.1
11.6
11.9
9.6
9.7
9.0
9.9
12.0
10.1
11.2
11.2
11.7
9.6
9.9
10.6
10.3
10.3
11.4
11.7
9.6
10.4
10.6
10.2
10.9
10.5
10.2
10.2
10.9
12.4
10.1
12.3
9.3
10.5
13.2
11.6
9.3
11.1
11.8
11.1
10.2
10.0
7.7
10.8
10.2
11.1
11.4
11.9
9.4
9.0
10.0
9.4
9.0
10.3
12.2
8.9
9.0
8.9
8.9
9.1
12.4
10.6
9.9
11.2
10.9
10.5
9.4
9.3
8.8
10.2
8.2
# Found 90 complete reps.
# mean(depth) = 10.468888888888888.
# std (depth) = 1.1204804965771946.
# sem (depth) = 0.11810901476601449.
