731.2
715.7
725.3
711.4
705.1
695.2
705.3
713.3
723.5
701.2
715.6
717.0
704.3
718.4
714.6
716.0
722.3
709.0
714.6
714.3
708.8
714.2
721.6
706.2
727.6
711.8
704.0
735.3
716.1
739.7
727.8
707.3
718.5
713.3
734.4
717.2
740.8
713.9
727.3
704.4
709.1
709.6
708.6
702.2
710.6
721.7
720.9
704.1
711.8
706.6
694.4
731.5
702.4
704.1
708.6
703.8
733.6
717.9
725.0
710.5
723.3
726.3
716.3
716.2
722.3
708.6
708.8
703.6
727.2
715.0
735.8
724.8
723.6
710.7
692.2
725.9
706.3
709.6
713.1
717.9
709.7
713.7
725.9
723.7
704.0
734.7
695.7
717.3
700.5
706.8
718.3
710.0
732.8
713.9
697.2
730.6
709.3
714.3
713.5
706.9
708.8
722.8
701.1
738.1
707.9
708.0
713.3
715.4
709.9
698.6
713.4
713.8
728.2
702.8
716.0
690.6
701.5
707.1
706.5
726.2
716.4
725.9
726.5
720.3
696.2
709.7
741.8
719.4
711.6
724.9
716.8
713.9
715.3
699.6
715.2
715.6
723.6
715.3
714.1
716.7
705.4
722.0
719.5
719.4
716.7
715.2
725.8
706.9
716.4
713.5
728.7
716.0
704.8
725.2
712.7
723.2
689.6
716.1
714.7
707.7
721.6
725.4
726.7
710.9
731.1
732.0
722.0
693.4
723.0
720.4
708.4
721.0
725.6
718.7
728.2
717.9
710.0
725.2
718.1
716.2
717.8
733.5
702.4
709.8
734.6
734.2
718.3
711.4
723.6
717.4
722.8
738.1
691.5
718.6
729.9
714.0
707.3
711.1
720.1
702.2
710.7
711.6
734.2
707.9
720.0
705.3
713.7
740.4
720.2
719.9
724.1
718.0
704.6
733.8
706.5
713.7
710.8
717.6
728.5
705.1
731.5
720.3
702.2
714.9
704.1
723.8
713.5
705.9
734.2
713.1
717.2
694.4
704.3
734.8
727.8
724.5
706.2
750.4
729.8
712.8
722.7
710.9
700.6
728.4
729.5
701.1
691.0
744.7
711.2
730.5
718.2
714.1
707.7
698.1
714.4
699.8
713.5
724.3
726.8
719.1
710.7
731.4
696.0
699.7
731.1
726.5
716.1
731.8
713.6
725.7
714.6
722.0
712.6
707.3
725.4
721.6
708.0
714.6
722.9
695.7
749.4
713.4
708.8
713.1
718.4
702.7
724.0
721.4
719.5
720.2
716.3
693.4
716.4
721.6
722.8
695.8
728.7
722.3
704.3
716.5
723.9
730.1
717.8
719.1
727.4
727.1
715.8
729.9
718.1
726.7
720.4
731.4
729.7
705.5
729.6
713.0
725.8
715.6
710.2
718.4
719.0
727.0
710.8
713.2
702.2
707.4
704.8
726.7
721.3
725.4
713.5
704.1
714.4
714.8
725.3
707.6
717.4
715.8
696.8
729.5
731.1
692.5
723.0
726.0
714.7
719.9
714.9
699.9
703.7
699.5
713.7
722.3
726.7
697.6
705.0
743.7
713.2
711.0
700.3
703.6
725.6
715.7
719.3
722.2
729.9
727.7
733.1
733.1
704.8
713.4
705.5
703.3
711.3
731.3
728.1
712.3
725.5
736.6
716.8
721.1
704.2
698.0
683.2
714.9
704.7
722.5
696.1
730.3
704.0
715.2
707.3
716.5
713.7
716.6
712.6
705.3
720.7
692.8
709.7
727.1
707.8
711.7
720.9
713.6
706.9
730.4
708.0
717.0
715.1
726.0
724.3
722.5
722.7
741.9
702.2
701.3
705.8
700.2
714.0
701.5
713.3
739.3
730.6
704.3
715.1
698.1
717.8
719.8
716.9
717.3
716.6
700.7
708.6
703.6
704.0
726.5
716.3
720.0
698.3
712.6
715.6
721.7
710.3
700.0
699.1
715.8
718.3
720.3
713.9
757.8
698.0
710.8
713.7
718.7
728.4
708.5
711.0
713.7
716.4
692.2
722.2
700.5
719.4
737.4
700.8
739.1
707.6
702.7
700.3
714.7
730.4
724.7
714.4
715.3
710.9
718.9
705.7
719.8
725.1
734.0
722.8
732.9
732.3
711.5
723.7
720.0
725.3
709.5
713.6
717.9
693.3
723.7
720.5
708.7
725.3
702.6
706.6
711.3
701.0
710.7
705.0
699.4
708.0
729.1
718.3
714.7
709.1
706.4
718.5
730.3
724.8
708.0
697.1
725.3
738.3
709.1
715.9
702.3
704.4
720.7
744.7
722.3
731.5
713.7
705.1
722.0
710.6
703.0
711.2
703.3
715.5
708.0
718.6
715.8
729.4
711.5
706.6
712.0
708.4
714.4
705.5
697.8
712.0
703.4
708.8
715.9
724.0
725.0
694.8
730.4
716.8
725.8
711.6
706.9
699.4
708.4
706.7
724.5
713.4
710.8
707.2
716.5
718.8
718.8
717.6
711.7
709.1
723.2
705.7
716.4
715.8
712.2
698.2
700.2
696.2
711.2
728.1
719.4
735.9
716.4
729.9
716.6
704.7
714.2
716.3
725.0
728.1
700.4
705.5
716.9
728.1
701.8
723.4
701.1
694.2
718.4
714.5
706.5
720.6
726.7
715.6
726.2
723.0
724.8
711.2
732.1
734.4
720.4
731.4
723.4
700.4
719.6
721.2
705.3
699.6
717.5
716.9
715.7
702.4
710.8
718.9
718.4
726.9
711.0
705.9
717.2
701.7
704.5
715.7
726.5
714.6
712.6
692.3
719.0
708.9
712.7
714.4
707.7
704.4
710.1
718.2
721.2
734.6
725.2
715.7
724.4
700.5
718.7
722.3
735.2
727.8
716.6
725.9
709.3
714.2
724.1
698.2
712.6
718.8
712.8
704.0
727.7
731.9
704.2
719.6
728.3
701.4
717.0
723.1
709.9
731.3
700.2
727.7
707.9
712.8
735.5
705.3
714.3
707.7
710.3
707.7
730.1
722.6
716.6
719.8
710.0
720.5
729.2
718.1
723.4
706.2
728.2
720.5
722.7
740.9
722.2
714.0
722.0
709.2
703.6
721.4
716.4
736.6
733.5
710.9
714.2
712.0
711.8
717.1
718.8
709.6
711.6
697.6
715.9
723.2
727.6
714.3
711.9
730.0
716.1
707.1
721.5
713.0
729.1
712.6
707.8
758.9
715.3
705.8
738.6
739.0
708.9
703.3
727.4
706.2
714.5
716.2
690.8
697.5
731.9
701.1
707.5
717.9
717.9
700.6
721.0
715.1
725.5
734.1
710.8
716.9
713.1
719.4
699.0
706.6
718.7
707.9
703.7
739.1
722.5
713.4
704.2
707.4
696.6
720.2
716.8
709.8
728.0
710.6
708.6
717.9
728.0
718.6
709.8
715.7
727.9
696.8
738.1
718.8
726.6
718.1
720.7
719.9
736.6
701.3
722.0
699.2
709.6
715.4
702.7
703.4
718.1
734.2
715.0
699.5
717.1
700.1
737.0
714.2
712.5
710.0
706.0
702.3
723.9
714.3
707.9
715.9
735.7
712.1
735.8
693.1
701.4
718.7
734.9
736.0
710.9
716.2
715.3
727.8
711.1
704.8
726.0
704.1
720.5
709.0
719.5
722.3
722.1
711.3
688.9
718.1
719.3
723.3
716.3
721.0
717.0
713.9
711.0
711.5
705.7
714.9
726.6
692.1
723.4
704.9
721.6
721.0
714.3
716.1
714.2
698.5
724.9
710.0
700.4
713.5
695.5
709.3
718.3
741.4
740.2
713.4
701.6
694.6
712.0
705.2
702.8
719.8
696.2
716.4
728.1
732.7
713.7
709.9
735.6
700.5
708.9
712.7
716.0
723.7
709.0
729.5
745.9
738.0
725.8
718.8
700.7
729.2
704.9
711.4
718.3
718.0
706.8
712.6
709.3
715.3
708.9
737.7
724.6
704.7
715.8
718.5
709.3
718.3
714.9
717.6
736.6
725.2
703.2
696.8
703.0
722.8
727.7
703.2
730.0
710.2
717.0
695.8
727.3
706.9
706.2
703.2
719.1
733.7
707.5
719.5
720.5
704.7
718.2
745.1
700.6
734.0
705.9
717.2
729.3
728.7
724.0
708.0
710.8
719.9
723.3
713.6
735.8
699.1
730.3
729.9
693.6
706.5
696.8
732.8
705.7
700.5
721.9
718.3
733.8
725.3
710.2
736.8
722.1
710.6
717.6
721.4
732.2
701.1
705.9
727.0
720.3
715.9
713.4
721.2
710.1
715.6
711.8
721.1
721.6
728.4
707.1
701.9
730.1
715.6
727.1
718.3
719.4
725.9
688.2
730.4
706.8
729.0
719.4
700.3
719.9
696.8
711.1
719.6
729.1
722.6
723.8
724.8
715.9
712.3
714.7
# Found 1000 complete reps.
# mean(depth) = 715.8429.
# std (depth) = 11.099914846069765.
# sem (depth) = 0.35101012747497756.
