717.7
719.8
725.0
724.3
703.5
719.4
719.2
733.3
713.4
731.3
698.3
701.4
690.7
706.0
738.6
705.0
725.2
704.9
702.0
717.3
711.8
704.0
712.4
710.1
725.4
713.7
727.0
710.8
699.3
738.7
710.1
696.2
727.1
695.1
726.7
710.4
723.3
705.6
708.0
699.1
722.0
714.1
724.6
725.6
723.3
716.2
721.9
709.8
705.2
712.0
703.0
714.0
681.3
722.3
716.6
697.9
729.8
691.7
725.1
715.0
710.5
725.4
721.8
689.5
714.7
709.2
711.2
704.7
705.5
703.1
711.1
713.3
709.2
706.0
706.1
722.2
729.6
716.8
716.6
714.3
706.9
721.0
718.1
716.8
706.9
726.7
711.7
697.9
711.9
725.5
711.4
693.8
719.1
695.1
700.1
713.9
706.9
707.8
738.0
704.8
703.7
701.2
721.7
699.0
719.0
686.4
723.7
720.1
707.0
711.4
711.1
728.0
701.9
716.5
711.9
691.3
731.2
729.1
710.4
725.0
701.0
714.2
703.9
708.7
699.5
690.7
711.1
712.6
717.4
724.1
707.8
706.0
688.8
705.3
709.5
703.6
711.7
707.2
716.2
708.8
719.8
701.5
731.8
729.2
693.0
725.2
713.9
721.0
710.2
706.9
722.8
718.3
711.2
722.7
718.7
714.9
689.7
702.1
719.5
699.5
703.1
701.2
722.4
690.2
715.1
721.7
708.3
701.1
712.4
712.7
710.6
697.6
711.4
701.8
715.7
698.6
717.6
709.1
714.4
703.3
733.1
730.0
700.9
705.1
710.0
735.1
703.9
690.3
719.2
714.1
717.7
727.9
703.1
704.8
696.0
688.7
712.7
712.4
720.7
697.8
707.3
711.7
727.6
723.9
723.4
712.9
707.3
714.8
718.2
716.0
715.6
703.3
714.4
709.8
704.8
698.1
702.5
717.7
699.6
723.6
737.4
715.9
715.5
727.5
722.8
729.9
718.8
710.8
707.8
707.5
709.2
689.2
711.0
714.2
717.1
705.7
697.2
748.0
709.2
721.6
719.4
728.5
694.9
694.9
706.0
704.4
695.0
722.2
723.4
718.8
721.6
714.6
698.2
718.3
718.4
707.2
726.8
724.2
736.3
710.9
713.8
731.0
702.6
718.4
702.8
733.2
709.0
745.4
697.0
722.4
711.8
719.1
718.6
711.9
699.2
721.1
699.4
718.6
697.6
727.3
723.3
691.6
708.2
706.4
700.3
704.9
711.3
707.2
710.1
715.6
714.4
702.2
697.6
709.5
715.1
700.4
709.9
708.5
714.5
714.3
720.9
712.2
715.8
696.8
716.7
728.6
717.5
712.8
713.7
725.2
696.1
726.5
721.5
693.0
734.7
701.6
711.1
717.5
707.0
714.4
711.3
726.2
711.1
721.3
704.4
702.1
707.6
722.2
699.8
718.2
697.8
726.7
714.4
722.1
714.8
720.2
714.2
725.7
708.4
724.5
719.7
716.2
730.8
712.9
691.3
712.9
702.6
718.1
698.9
700.3
713.3
729.9
699.9
694.3
709.8
712.1
734.7
705.8
700.7
714.8
721.6
717.7
707.7
714.8
726.8
728.6
708.3
731.2
716.6
711.7
721.6
716.0
719.6
712.4
727.5
699.9
728.5
715.1
727.3
728.0
711.4
700.0
705.6
703.2
718.0
703.8
714.7
736.1
714.7
709.0
706.2
727.1
701.0
704.6
702.8
695.1
723.8
699.7
705.8
728.7
711.7
718.9
702.0
713.6
715.9
722.2
714.1
712.2
713.6
716.4
723.6
710.8
730.4
717.2
701.9
687.3
735.7
722.6
705.2
713.2
696.6
729.6
707.9
706.9
720.4
724.2
717.7
723.4
703.4
709.7
720.9
706.7
711.4
704.6
716.4
714.6
711.4
722.3
694.6
707.8
703.4
714.5
706.8
705.8
709.9
720.4
717.5
699.1
707.2
720.1
719.3
703.4
725.6
727.8
726.0
714.1
725.5
698.1
706.2
713.6
705.6
698.4
694.5
721.9
717.6
742.3
697.3
713.7
696.1
711.8
733.1
716.7
731.7
712.1
692.8
712.7
711.1
720.1
703.6
727.0
723.3
709.3
718.4
714.6
705.9
696.9
716.9
707.9
712.0
706.9
714.6
715.4
718.7
714.8
719.6
717.9
727.9
692.1
704.6
702.7
711.0
703.4
688.4
727.7
712.6
725.2
702.7
697.4
744.5
724.2
696.5
716.3
700.8
716.0
720.8
695.6
703.1
703.1
707.1
698.4
735.8
730.5
720.9
728.6
703.3
719.2
711.4
693.3
727.2
694.8
714.0
714.6
732.8
714.9
716.2
706.8
717.8
698.8
709.1
690.1
716.9
705.9
704.0
708.5
710.2
720.2
719.0
724.4
706.6
718.0
706.6
704.4
707.4
719.0
698.9
719.2
696.7
700.7
708.8
699.8
713.4
715.9
714.8
721.1
716.4
699.3
710.8
716.6
692.2
703.9
721.3
704.2
695.5
696.0
710.5
720.0
727.1
713.8
730.4
713.4
710.7
693.7
734.5
710.2
708.0
720.0
710.6
725.9
726.2
709.6
700.3
686.7
731.4
716.9
675.3
718.9
703.2
720.8
709.2
724.2
712.1
714.1
710.8
702.8
718.4
697.6
725.3
706.1
731.1
705.0
702.5
712.1
725.1
703.3
708.3
713.4
704.2
704.2
712.5
699.2
701.8
701.5
728.4
694.7
708.9
714.9
710.6
705.9
713.2
691.6
712.0
717.1
709.3
715.5
706.7
706.1
711.8
710.3
708.3
720.2
714.9
721.0
724.8
723.5
712.1
718.4
710.0
731.0
715.7
717.9
707.4
718.6
724.5
701.3
730.9
713.3
708.3
710.7
711.0
713.7
708.7
725.8
714.3
724.5
705.1
713.7
701.3
715.6
708.5
702.1
742.0
702.6
712.0
721.9
719.7
731.5
687.9
704.5
709.2
717.3
697.0
715.4
704.3
729.4
719.2
691.7
711.7
721.7
688.3
715.3
703.9
716.6
721.3
713.7
716.7
707.3
708.4
726.9
704.0
714.9
738.5
730.0
707.8
733.0
705.7
710.8
699.3
703.1
694.3
709.5
720.6
720.3
708.9
719.7
720.5
712.2
722.9
712.5
723.8
703.2
695.0
719.2
704.9
704.3
710.4
718.1
722.0
690.5
704.2
739.2
701.8
714.3
697.1
723.9
711.9
728.4
711.8
709.7
712.2
715.1
689.2
717.2
712.9
716.8
713.1
704.7
705.3
710.9
726.7
712.8
718.3
702.1
707.1
695.9
697.0
717.7
720.3
721.7
710.3
726.0
708.4
712.4
712.3
719.1
711.6
715.5
707.6
731.9
685.5
706.3
723.6
710.3
707.7
709.8
721.0
718.8
712.6
732.4
715.9
702.8
709.9
703.3
714.6
739.3
717.3
704.2
707.1
700.0
718.3
717.6
708.1
721.8
721.7
708.8
727.9
713.9
699.1
701.3
705.5
707.7
721.7
697.7
701.4
717.3
698.6
712.4
705.9
738.3
708.0
707.5
697.8
693.1
715.2
734.0
710.6
710.6
692.9
716.2
713.4
709.0
698.2
699.4
711.6
724.3
715.3
723.7
718.3
710.9
723.5
718.6
692.3
720.4
712.4
726.2
711.7
708.1
697.2
705.8
718.2
714.3
712.2
715.7
703.3
720.9
711.9
704.1
734.9
727.3
699.1
708.3
711.1
697.1
711.8
708.7
701.7
686.0
711.6
730.7
703.0
723.4
701.6
700.3
710.6
709.2
691.8
710.1
707.2
682.0
715.6
711.3
713.9
695.0
728.5
720.7
697.3
722.9
712.3
715.1
733.4
707.2
712.6
738.6
722.2
717.6
717.8
715.8
724.1
697.3
709.0
704.8
703.2
725.9
714.4
701.8
707.9
699.3
698.0
721.8
697.5
724.6
692.3
705.9
720.3
720.0
724.1
722.8
723.4
699.4
712.8
706.9
710.0
725.5
729.4
722.5
715.0
715.3
699.3
715.6
715.9
714.2
722.7
700.1
732.1
709.6
709.9
712.8
694.0
716.7
697.6
713.7
715.4
704.4
701.5
725.4
721.7
725.3
733.6
707.5
699.4
709.2
722.5
717.9
709.5
701.1
708.2
699.1
707.1
716.2
722.6
722.8
705.3
715.3
727.2
698.8
718.5
705.2
721.5
724.9
728.0
697.7
716.7
708.8
716.8
723.8
718.0
716.7
718.0
722.7
699.0
714.9
702.9
701.3
701.8
706.4
712.0
710.4
694.9
726.4
720.6
698.1
722.1
708.6
722.3
681.0
709.0
740.4
737.9
718.0
725.8
706.7
711.8
716.8
716.6
706.3
707.1
703.8
712.0
713.0
696.4
715.9
# Found 1000 complete reps.
# mean(depth) = 712.4325.
# std (depth) = 10.986700767291335.
# sem (depth) = 0.3474299839536018.
