729.2
711.3
732.6
694.8
701.6
718.1
714.9
724.9
722.4
715.1
695.8
699.7
693.0
723.3
709.9
707.3
714.8
697.4
694.8
700.1
701.2
712.6
709.7
694.5
707.3
704.4
719.8
706.8
713.1
729.6
720.4
714.4
716.5
714.0
716.7
700.4
728.4
715.4
729.6
710.0
726.8
728.6
715.4
728.5
715.7
722.8
717.9
697.5
701.1
710.0
704.2
716.9
696.0
710.3
711.2
712.1
709.9
718.3
722.7
715.2
706.1
721.8
715.7
704.1
715.4
708.7
695.6
710.8
715.3
708.9
704.5
695.8
707.3
692.6
724.1
729.9
713.7
709.9
736.3
715.3
719.0
720.0
707.4
703.7
705.4
718.8
706.0
701.1
705.1
723.2
707.1
717.1
715.1
683.7
694.9
707.7
707.1
716.0
715.9
717.0
717.9
704.3
719.0
720.0
706.6
712.1
720.9
716.5
711.9
716.4
708.5
711.5
730.1
723.6
700.1
714.8
718.8
713.1
704.3
719.2
713.3
733.4
703.0
721.9
693.1
694.9
713.9
723.0
711.0
712.9
707.6
707.6
699.7
693.8
713.6
713.1
729.6
712.7
718.4
697.0
695.2
705.9
718.3
716.1
696.6
716.9
723.0
708.1
708.2
714.2
713.8
704.4
706.2
707.8
694.7
716.8
699.3
707.8
701.0
715.9
713.2
693.7
741.4
712.9
736.8
737.8
709.2
705.1
724.3
714.3
709.5
711.1
719.9
701.5
716.0
716.7
722.4
713.0
726.3
698.2
732.3
719.5
708.8
708.2
718.2
720.1
706.4
712.6
719.4
712.3
691.9
721.0
717.0
721.3
701.0
718.4
695.1
730.1
710.0
700.7
705.0
712.3
728.7
744.8
717.1
709.5
715.3
722.2
718.5
712.0
729.6
707.2
720.5
720.0
711.9
706.1
713.2
719.9
712.8
726.9
733.2
730.1
719.1
713.8
709.3
718.2
710.6
716.0
700.3
687.5
720.7
678.6
704.6
722.4
689.4
733.3
689.7
746.0
702.9
706.6
714.8
709.4
692.5
716.2
712.8
721.4
728.9
732.2
730.6
732.9
712.3
718.0
724.1
712.2
703.9
695.2
722.1
724.8
732.2
692.4
705.2
731.5
711.8
707.2
714.2
711.6
707.1
733.9
712.4
705.4
710.7
715.2
701.8
715.0
721.3
710.3
702.5
712.9
696.1
707.2
726.3
713.6
723.6
719.1
702.2
703.6
699.1
711.5
689.1
708.1
735.3
707.5
698.6
716.0
740.9
725.1
725.0
720.1
702.8
708.6
739.4
698.7
735.9
711.8
710.8
707.4
721.2
725.3
715.3
711.8
715.3
729.9
713.8
723.2
726.1
694.3
704.3
729.5
714.7
710.7
731.1
710.1
715.5
713.4
699.8
724.6
715.4
722.4
708.5
711.5
705.7
708.8
708.1
717.9
703.8
703.9
739.5
715.4
716.7
726.2
698.8
695.4
717.6
715.7
714.8
709.3
696.8
709.5
707.8
708.4
728.4
714.3
705.5
704.1
692.2
728.8
712.8
717.3
685.5
703.3
709.6
715.1
699.1
710.0
710.0
716.3
722.8
728.1
716.1
719.7
710.6
709.7
716.2
694.6
713.5
706.8
725.3
718.9
734.3
720.9
704.8
693.4
702.0
732.5
710.5
708.4
726.5
723.1
709.1
722.4
707.8
729.3
719.9
713.4
705.5
689.2
720.4
706.7
710.9
724.5
708.6
714.4
711.4
702.6
721.6
751.4
703.8
713.7
710.9
712.2
722.3
713.8
732.1
729.1
703.7
689.4
720.3
724.6
715.1
715.3
711.1
714.2
720.2
730.7
738.9
701.7
714.3
707.8
716.1
693.0
716.3
721.7
733.4
697.4
701.4
713.5
711.0
724.8
688.2
705.2
703.0
723.0
702.2
706.1
712.0
715.9
702.9
690.3
701.8
719.5
708.1
704.9
714.9
719.1
708.9
710.9
728.3
700.3
700.6
705.5
714.2
688.5
714.8
716.4
705.0
739.4
711.7
707.0
706.5
707.6
721.6
698.9
706.5
706.0
706.8
711.0
701.0
709.9
710.2
713.5
709.7
731.4
731.9
696.1
720.3
719.8
724.8
705.2
703.5
727.4
690.8
708.5
709.4
702.4
721.9
711.6
704.6
705.2
704.5
713.1
708.4
695.4
698.5
731.1
713.8
710.6
703.8
704.4
708.8
722.9
707.3
706.0
699.8
711.7
720.0
702.2
710.4
704.1
719.9
711.5
723.3
726.9
733.1
695.3
686.2
713.3
704.3
717.4
710.3
685.7
712.8
700.8
723.7
715.2
723.7
714.9
716.0
700.4
694.5
695.1
711.7
700.8
712.0
706.5
710.5
719.4
727.8
711.4
718.4
719.9
707.7
703.9
710.7
738.9
713.2
695.6
696.5
726.1
708.5
710.5
716.2
718.1
714.9
713.2
709.8
703.2
714.3
705.7
728.7
702.3
686.2
717.0
695.9
715.5
702.1
715.4
713.5
720.5
715.1
703.4
716.2
713.0
732.9
723.6
717.6
719.9
707.8
719.6
705.8
710.5
715.4
715.1
713.4
712.4
711.3
704.5
696.4
694.8
713.5
712.5
718.6
728.1
733.9
712.1
710.7
704.4
725.9
721.1
735.9
712.3
705.0
707.9
716.4
704.6
693.9
722.2
712.3
692.5
720.5
692.0
725.3
710.9
706.8
702.0
702.0
728.0
703.4
701.5
688.7
712.7
696.9
683.9
699.6
716.1
706.6
707.3
719.8
700.5
716.5
706.3
722.6
721.7
731.7
717.5
707.1
720.6
704.6
718.0
719.3
703.8
701.5
713.5
721.5
698.0
723.2
706.5
723.5
708.3
730.0
701.2
711.4
750.5
713.6
724.0
701.6
716.7
712.7
706.0
711.1
716.5
737.8
705.5
727.5
727.8
728.2
723.0
710.5
717.8
700.6
708.1
714.2
723.0
703.7
723.1
735.3
719.3
728.2
723.6
717.4
709.3
704.2
720.5
708.6
703.7
728.7
706.9
728.4
721.6
714.7
705.9
721.0
711.4
718.4
733.4
706.6
719.0
710.3
708.5
705.0
705.5
710.3
708.4
703.8
725.8
703.3
713.0
706.1
701.9
726.1
708.3
725.1
710.7
713.4
712.7
711.9
708.3
726.8
694.9
712.2
735.9
718.2
694.6
690.9
698.4
699.8
710.4
722.7
693.6
710.7
705.0
699.7
716.4
720.6
730.9
714.1
717.9
718.9
711.1
735.2
708.0
703.5
729.1
700.8
701.9
710.1
739.5
718.2
703.3
701.0
732.0
707.3
714.5
707.3
730.1
707.1
734.7
723.5
722.9
713.7
710.2
727.8
726.4
721.4
702.9
735.6
706.0
701.2
739.3
709.0
707.4
705.0
717.0
723.0
732.0
709.8
711.7
707.1
694.5
727.8
714.2
704.8
708.4
721.7
716.7
712.9
716.3
699.3
707.3
715.9
716.4
721.5
710.0
694.6
729.8
708.9
722.3
718.8
729.5
703.3
709.9
699.1
691.3
705.4
726.1
721.9
701.7
675.9
706.0
732.4
716.6
710.6
705.7
690.3
726.3
702.8
713.0
720.2
720.5
710.7
709.9
708.7
718.8
713.5
729.5
703.5
726.4
715.3
720.3
715.1
689.7
701.4
717.2
705.2
697.1
696.6
712.6
716.3
707.5
707.0
704.1
699.8
711.9
712.8
723.5
706.9
711.3
723.9
720.3
717.6
719.5
706.2
706.4
716.7
714.6
704.0
704.6
719.7
690.3
715.8
716.2
730.6
703.1
724.5
731.5
701.2
705.5
720.5
711.6
725.9
693.1
720.1
729.8
721.8
710.8
704.8
717.8
734.2
697.0
711.0
707.4
722.0
716.7
714.5
698.5
718.5
713.2
700.3
717.7
706.2
710.8
711.2
706.2
715.9
710.0
724.9
715.2
729.1
691.9
691.5
716.5
714.3
740.4
722.3
728.9
720.1
707.3
701.8
705.6
701.2
712.2
717.5
698.3
730.8
711.2
706.0
701.3
697.8
709.4
704.5
701.7
725.5
707.0
711.3
713.8
722.5
733.9
711.0
724.8
719.8
710.1
711.8
702.4
708.5
710.9
712.6
704.1
732.5
728.3
726.7
716.8
704.4
704.0
704.5
710.8
716.3
721.3
716.4
700.4
708.4
704.4
732.8
741.0
694.1
720.9
726.7
708.7
720.8
706.1
702.8
708.9
713.8
708.4
723.2
717.5
716.3
700.0
697.6
721.9
728.2
709.1
705.5
711.8
717.0
709.8
708.7
709.8
730.2
709.0
741.4
693.3
700.9
717.9
713.2
720.6
718.2
693.6
700.0
723.6
704.4
701.1
# Found 1000 complete reps.
# mean(depth) = 712.769.
# std (depth) = 11.144501738525594.
# sem (depth) = 0.3524200888144715.
