893.6
876.4
911.1
890.6
848.7
905.0
931.0
875.6
968.5
859.4
918.7
921.7
838.6
892.7
903.6
893.8
893.6
997.6
862.3
945.9
906.6
870.9
923.1
875.1
916.5
906.0
873.7
877.1
851.8
906.4
896.7
829.4
916.6
866.4
870.2
879.0
831.6
907.8
873.3
914.8
857.5
963.3
882.8
882.1
844.3
913.8
850.0
875.6
945.3
947.1
1005.7
900.6
871.5
915.2
934.4
840.7
921.9
906.1
887.3
872.5
1017.0
922.9
903.1
879.4
906.8
889.5
878.7
847.0
932.6
880.7
851.5
944.5
895.5
889.8
845.9
916.6
909.9
926.8
976.4
907.4
879.8
921.5
890.6
923.8
892.5
943.9
910.9
899.9
930.2
891.4
885.5
905.3
864.1
859.8
929.4
837.6
890.6
878.9
925.6
918.0
927.7
886.7
912.8
825.1
943.4
836.6
963.0
875.1
890.3
968.6
905.0
910.1
871.6
860.2
914.5
868.5
861.3
902.0
931.4
951.7
850.0
898.2
904.4
864.7
896.3
879.8
915.9
882.7
922.1
906.2
888.8
897.4
929.2
886.0
935.1
921.9
980.3
866.5
919.0
928.8
948.5
968.0
928.5
894.6
914.6
899.5
913.0
893.8
896.2
843.9
897.0
898.4
1011.8
846.9
863.7
930.0
924.3
894.4
904.2
882.1
915.8
868.1
860.1
877.1
921.6
912.8
861.7
929.2
906.5
873.8
923.7
886.5
911.6
930.9
895.5
851.0
978.5
911.6
921.9
856.0
885.8
905.3
895.7
890.1
924.4
902.5
949.1
871.0
832.2
915.3
949.6
923.5
914.3
913.8
944.2
928.4
886.7
938.8
929.1
906.8
846.3
890.2
859.5
912.8
829.7
852.6
917.3
940.1
875.5
866.5
886.3
871.2
841.7
864.1
919.7
892.9
825.6
873.3
884.8
924.2
903.1
929.9
915.0
910.1
955.2
894.1
903.2
880.5
932.3
922.5
856.6
900.4
953.8
900.5
885.8
902.8
881.3
974.1
918.3
919.2
922.7
908.6
983.4
903.7
926.1
833.8
920.2
882.0
934.2
878.5
903.7
900.8
890.3
915.0
843.3
868.7
901.3
926.5
956.8
894.2
859.2
889.7
868.2
902.1
843.5
873.8
900.3
911.1
868.1
890.3
887.8
894.6
874.8
901.3
907.7
878.9
898.6
847.6
943.4
884.1
925.4
849.8
902.9
918.0
877.2
842.6
985.3
884.2
893.8
910.4
898.5
942.4
918.9
860.5
837.3
886.6
866.3
883.1
931.2
946.8
844.8
908.8
868.2
901.4
931.9
825.1
931.2
929.8
864.1
981.5
899.7
887.2
932.5
837.3
899.0
959.5
890.5
914.6
903.0
828.8
900.9
901.6
866.5
911.7
947.0
932.6
884.0
884.1
927.0
944.5
838.3
868.5
881.6
857.1
911.9
871.7
864.1
910.5
901.2
860.3
878.8
868.2
889.6
879.0
950.0
933.3
873.1
940.6
905.9
955.0
897.8
823.4
967.8
890.1
874.6
851.7
834.2
919.6
842.1
859.4
834.9
915.5
868.1
880.2
892.9
884.2
887.5
944.3
861.8
895.0
850.1
970.3
877.6
853.1
909.7
847.6
923.0
916.4
896.3
929.7
941.4
902.9
854.6
953.4
926.5
849.2
935.9
915.0
1006.9
902.6
937.4
980.9
866.2
873.3
901.7
904.0
920.8
896.7
849.3
854.1
872.3
933.7
839.6
954.3
925.6
925.7
882.8
868.6
898.7
855.7
833.9
933.5
897.8
895.5
910.1
906.4
906.9
831.8
919.0
875.1
863.9
842.8
971.1
849.9
913.4
899.6
894.0
901.8
888.3
863.0
896.3
904.3
876.2
900.1
923.0
912.5
842.1
921.2
905.2
922.5
868.8
917.6
873.1
930.0
893.7
885.3
923.0
869.8
903.3
862.4
873.4
894.4
863.2
936.2
898.9
898.5
876.0
965.4
941.3
874.9
845.6
936.3
929.2
917.6
1021.7
895.4
858.5
935.8
922.5
873.6
892.8
859.5
892.3
889.3
854.9
923.4
904.1
923.5
849.7
827.8
987.8
851.1
844.0
984.2
927.3
920.0
870.5
889.2
928.0
933.5
900.9
888.5
922.3
899.0
900.3
918.4
919.1
846.2
914.3
918.6
861.6
860.1
902.8
962.9
893.1
931.4
912.6
839.9
947.6
884.2
830.0
905.0
950.6
903.7
894.8
916.4
902.3
892.2
908.3
1013.7
881.9
878.2
909.2
904.9
899.0
894.7
839.7
911.9
909.3
893.3
894.8
868.3
951.2
862.4
901.8
871.2
985.7
914.3
853.4
898.6
899.9
895.9
869.0
946.8
837.9
905.7
915.8
930.2
888.5
888.5
892.2
847.5
941.5
830.3
883.5
932.8
906.4
871.0
929.4
870.1
904.8
935.2
839.2
880.2
915.7
919.4
913.8
897.6
874.6
889.9
892.7
844.1
940.6
907.3
911.7
891.9
838.8
896.7
855.7
897.3
898.9
884.5
917.3
899.4
883.0
955.0
919.5
894.4
891.7
891.1
873.5
908.7
895.9
902.1
881.5
926.7
912.9
889.7
840.5
926.4
859.7
874.2
918.6
944.0
879.7
920.3
883.2
888.7
909.2
872.2
916.4
898.3
924.1
899.2
830.8
863.4
878.3
846.7
900.2
886.1
896.3
933.2
858.0
926.5
911.2
867.4
924.3
936.6
850.6
903.2
841.1
922.7
896.2
899.8
871.1
924.7
934.3
935.4
876.6
908.6
872.4
909.7
909.0
897.8
903.1
880.3
938.9
900.4
888.2
889.9
842.1
833.3
840.7
917.0
869.2
894.7
916.7
855.4
879.5
902.3
911.2
872.3
931.9
900.1
884.5
911.8
916.0
933.7
933.5
877.1
927.8
932.1
862.1
869.7
950.4
945.6
895.5
917.3
934.5
951.6
858.5
913.3
948.1
897.1
894.0
931.7
932.8
925.3
936.8
928.5
891.4
859.1
867.9
908.2
846.7
856.3
893.9
901.4
883.9
917.4
924.7
930.5
899.4
848.5
926.2
915.7
833.7
899.1
984.4
838.9
880.3
891.9
883.0
903.7
985.8
905.5
892.7
901.0
903.7
909.3
889.7
883.9
902.9
869.2
882.7
946.7
954.9
842.8
942.5
863.1
877.8
915.6
974.3
897.0
951.5
902.1
854.0
896.0
899.5
910.2
828.5
924.6
865.6
895.4
923.0
950.8
826.7
894.4
922.5
910.7
860.9
861.5
852.7
893.2
839.0
882.7
878.9
912.9
916.3
857.8
863.7
888.6
925.6
907.6
872.6
886.6
919.9
860.6
886.0
874.0
857.0
868.6
858.5
897.5
842.0
863.5
915.7
934.5
937.7
849.3
887.4
921.6
887.5
873.8
900.6
839.5
897.4
866.1
881.7
896.5
881.8
856.6
903.7
852.0
896.9
918.0
892.7
914.0
897.5
903.4
831.1
905.7
915.3
847.6
883.0
841.1
913.4
984.7
883.5
875.8
874.7
864.1
861.5
863.7
901.2
842.0
890.6
878.0
919.0
838.8
885.0
886.1
917.4
922.3
891.1
900.0
888.3
931.0
943.1
899.1
908.1
860.4
883.4
876.1
819.9
925.1
891.6
901.8
878.7
885.9
861.8
896.5
881.6
952.8
906.9
851.6
841.1
838.7
860.8
907.4
946.9
913.8
882.6
908.9
875.9
886.6
924.3
895.5
912.4
846.9
878.2
945.6
923.5
844.2
948.0
854.1
901.9
907.0
947.2
917.0
849.7
868.5
906.9
850.5
908.9
881.5
929.3
851.9
888.9
850.0
914.1
868.6
920.9
921.2
875.6
895.5
882.1
920.3
911.0
899.5
868.1
946.5
891.8
920.2
867.1
910.7
830.4
905.5
899.8
931.3
916.2
829.8
994.0
868.1
880.0
852.6
846.1
916.3
948.8
864.3
872.5
882.2
846.5
934.3
918.6
926.3
899.9
930.9
938.0
842.6
896.8
904.0
912.8
901.6
894.1
871.0
905.1
1051.5
879.4
884.3
858.4
906.7
991.2
897.3
915.0
893.0
943.8
863.4
868.5
905.3
851.9
897.0
879.2
847.9
882.0
906.2
917.2
892.9
864.4
849.8
870.5
880.7
911.7
900.6
932.4
1001.8
862.0
879.6
907.7
935.4
925.7
924.8
866.5
872.0
899.7
845.7
874.0
847.3
906.2
904.2
938.2
890.5
898.1
890.7
937.7
951.0
828.4
902.1
917.7
926.0
900.9
873.3
928.6
867.0
950.3
911.3
914.7
909.4
900.4
831.4
868.5
868.8
931.0
884.6
893.0
877.4
911.6
862.3
854.9
939.0
# Found 1000 complete reps.
# mean(depth) = 897.075.
# std (depth) = 34.45669622874486.
# sem (depth) = 1.0896164072736791.
