901.1
900.5
895.8
895.0
847.0
899.9
921.5
878.4
971.3
866.4
891.9
905.7
834.3
897.0
895.6
908.1
915.2
968.4
868.1
934.4
928.5
870.9
919.6
878.0
918.8
906.1
848.1
857.9
882.5
906.3
907.7
841.5
895.9
860.8
877.9
890.1
841.1
933.4
866.6
911.1
860.7
964.7
882.6
871.1
841.6
895.9
838.3
868.0
953.3
941.7
965.0
873.9
872.0
907.4
926.6
820.0
912.8
892.3
890.8
865.0
970.2
938.0
907.8
889.3
913.0
892.8
875.1
841.5
918.5
908.9
860.4
914.8
902.6
903.4
843.9
904.2
895.8
936.5
986.1
904.3
859.6
911.2
890.7
902.6
873.9
929.1
932.1
882.5
933.4
892.7
890.5
915.1
857.5
868.7
901.1
832.9
893.5
864.6
903.2
902.4
906.3
856.7
905.6
822.5
941.2
844.0
949.2
859.9
904.0
941.2
912.0
896.1
891.5
866.2
903.2
860.0
848.6
898.3
901.4
951.3
862.9
897.7
920.4
838.6
889.1
883.0
909.4
876.0
891.7
923.1
896.0
900.9
921.3
891.2
907.5
915.2
946.4
878.2
926.4
916.8
921.6
971.3
935.7
880.0
912.4
900.6
901.9
886.1
888.9
853.2
888.1
889.4
984.5
846.4
881.3
919.5
911.3
877.3
902.5
873.3
894.0
844.4
859.5
884.8
928.7
923.0
892.8
918.4
881.3
858.4
918.0
875.8
899.2
940.0
885.2
867.7
962.0
902.6
916.2
841.0
851.1
913.6
869.7
889.6
924.8
890.0
932.9
864.2
844.0
913.8
913.6
924.9
906.9
919.0
946.2
929.5
891.5
934.4
922.4
913.1
821.5
901.4
849.4
917.5
832.3
836.2
898.8
925.9
858.1
859.6
898.6
871.0
838.0
880.0
905.8
887.4
810.2
873.4
903.6
901.6
890.7
920.4
902.6
924.1
932.6
870.9
894.5
895.5
914.8
925.4
868.4
904.4
944.4
886.7
898.2
890.7
880.8
985.5
884.6
896.1
925.9
894.2
980.9
892.7
914.3
843.9
923.3
886.8
941.1
856.4
894.7
903.1
877.4
900.8
865.7
867.6
907.1
897.5
945.7
880.5
875.4
885.7
855.1
903.7
864.5
865.8
905.8
889.9
865.0
893.0
902.2
874.8
847.5
886.2
897.9
898.2
887.1
840.8
926.1
879.1
917.4
858.8
895.0
898.3
846.0
857.6
961.1
872.0
891.6
929.8
891.0
936.1
914.4
840.9
840.9
881.3
854.9
908.6
930.1
922.3
850.8
919.5
851.4
913.2
937.5
834.6
937.7
939.4
855.5
952.5
899.5
895.9
923.4
837.9
893.0
952.7
893.6
888.1
896.5
832.8
890.5
901.2
848.8
916.3
924.3
944.2
868.2
871.3
927.4
944.3
842.7
852.5
873.5
853.6
882.3
862.7
859.9
902.7
897.0
857.4
867.8
839.8
883.2
927.7
942.1
939.6
870.1
930.2
884.3
938.9
889.6
854.0
948.8
877.2
852.5
840.9
830.5
918.0
867.5
842.4
828.1
911.7
842.0
872.0
888.4
888.1
910.8
933.2
860.8
882.8
866.1
950.5
877.2
838.1
913.2
850.8
913.7
914.9
909.1
937.1
930.6
911.8
860.7
956.3
911.6
869.2
916.8
914.1
987.6
910.3
928.3
954.3
861.3
858.7
890.5
887.5
908.9
910.4
865.9
864.4
858.4
926.8
826.7
944.9
920.6
928.1
882.1
871.8
880.5
868.9
849.3
887.3
901.2
880.6
926.2
898.9
880.8
837.4
916.9
865.6
851.5
823.3
945.1
869.8
907.8
903.1
884.0
887.0
876.9
854.4
894.1
893.5
870.3
898.8
931.4
902.7
843.1
909.0
903.0
939.9
857.3
909.5
877.1
943.7
898.0
875.6
930.6
868.0
894.6
868.8
883.4
890.4
829.7
907.2
904.1
888.4
880.5
935.5
964.8
882.4
853.2
922.1
914.9
902.5
994.7
895.9
846.6
937.8
906.7
858.0
902.0
844.5
890.3
887.6
875.1
922.8
905.2
928.5
854.2
842.3
1003.8
846.0
857.0
952.3
905.1
914.3
864.1
886.5
909.3
907.9
903.5
878.0
948.1
895.3
897.4
862.9
924.8
826.7
940.5
927.5
880.8
848.1
919.3
918.4
891.2
926.8
894.6
849.5
935.2
888.9
841.2
911.8
953.9
913.4
888.0
917.4
890.2
882.7
903.8
1000.3
873.1
851.4
882.3
902.3
865.5
896.3
833.0
922.2
917.0
905.2
896.8
852.4
962.1
861.2
901.4
891.9
959.6
916.9
847.4
906.0
893.1
911.2
863.8
971.0
851.0
902.1
907.9
936.0
882.6
885.9
879.3
842.8
925.4
840.0
898.3
930.6
921.2
889.1
932.7
904.9
912.2
940.9
844.6
880.7
901.3
907.3
902.3
881.8
849.6
902.4
880.2
833.3
930.2
925.6
899.5
891.2
857.2
889.4
860.5
895.9
909.9
871.6
905.8
872.2
862.0
936.9
916.7
901.4
901.6
897.4
865.6
898.4
877.0
893.9
871.1
931.8
901.7
909.8
833.2
909.8
852.7
874.5
890.1
933.3
881.6
892.6
887.8
897.2
917.6
907.7
903.0
915.7
923.2
910.2
856.8
863.4
881.1
820.6
851.5
907.4
888.5
938.5
876.3
921.5
901.8
863.2
920.8
936.3
849.5
895.6
843.6
924.7
901.2
904.7
894.3
927.9
930.9
933.6
847.8
916.0
905.6
927.7
893.6
880.2
918.3
892.5
920.4
896.1
884.3
897.6
850.0
835.0
821.3
920.0
866.6
885.3
895.9
872.2
907.9
887.4
905.5
881.4
911.4
907.2
888.4
896.3
921.8
920.3
940.6
883.5
920.0
926.1
857.8
875.6
931.8
947.7
890.5
916.0
920.1
897.6
872.5
911.8
941.0
906.6
896.7
916.5
914.9
905.8
942.4
919.5
876.2
875.3
888.5
929.4
840.7
836.5
915.1
879.3
885.5
905.1
918.7
904.1
901.9
837.7
926.4
914.6
852.9
886.0
964.2
842.8
869.4
897.8
876.4
899.0
979.6
895.4
875.0
887.3
863.8
923.9
889.0
905.4
913.2
866.6
885.4
940.5
945.6
861.5
952.4
857.8
882.4
897.5
945.5
899.6
943.7
888.7
852.6
898.9
885.5
886.4
839.9
904.8
877.9
894.7
920.8
936.1
834.8
892.6
933.2
911.2
876.1
851.1
848.7
888.3
849.0
892.8
881.9
885.5
896.2
850.1
854.5
910.0
915.2
917.1
846.3
870.1
888.9
872.8
877.5
865.5
858.0
848.4
869.6
908.9
824.8
835.3
910.1
934.9
955.3
866.2
911.5
901.0
892.1
869.5
904.4
840.2
904.1
859.3
858.9
867.9
870.9
885.1
880.9
833.9
899.0
902.7
924.3
911.1
921.3
911.7
850.6
903.2
922.9
854.0
891.1
869.9
922.6
984.4
875.8
867.5
869.4
859.1
860.0
831.9
903.7
825.2
904.8
877.6
888.4
864.2
887.7
874.7
907.6
913.2
901.8
894.7
894.4
932.7
938.9
896.9
908.7
849.7
863.2
860.9
842.7
898.1
891.5
901.6
877.5
892.4
840.4
902.8
861.7
958.8
928.6
852.2
853.1
852.8
865.9
915.8
936.8
911.7
895.2
913.7
898.5
884.9
899.2
881.9
936.8
869.9
865.0
928.9
900.2
857.3
927.2
875.8
921.8
936.5
939.4
922.8
863.1
880.9
897.5
859.9
901.6
893.0
955.4
836.3
863.0
861.6
912.0
866.0
923.1
885.1
876.8
865.1
877.3
916.7
900.7
898.3
860.1
940.3
876.2
934.3
859.1
889.9
841.8
898.8
917.0
907.2
895.7
831.5
988.8
864.3
879.0
856.2
834.3
905.3
936.7
876.5
864.2
872.2
848.4
962.2
901.9
906.1
905.2
923.0
929.3
846.2
896.4
910.2
915.5
875.0
881.1
860.9
898.5
1032.0
888.7
875.1
867.0
906.4
987.3
883.3
908.6
911.1
946.6
861.8
859.6
905.9
845.3
901.9
875.6
864.9
864.6
905.0
911.9
874.8
886.4
837.3
867.0
872.8
900.2
925.4
911.8
1005.9
837.8
888.6
910.0
909.9
909.4
903.7
867.1
871.6
904.2
841.0
881.9
864.4
910.9
892.4
921.6
879.5
892.3
885.9
934.6
941.7
848.8
899.8
905.9
914.2
885.0
871.1
899.4
861.8
933.2
893.6
916.6
909.5
886.3
822.2
864.1
850.1
925.6
884.7
873.3
899.7
902.0
858.5
833.5
959.4
# Found 1000 complete reps.
# mean(depth) = 893.5588.
# std (depth) = 32.935132951910184.
# sem (depth) = 1.0415003516850103.
