483.2
480.5
493.7
473.9
481.9
482.4
480.2
484.1
490.9
483.7
460.5
459.7
465.5
495.8
486.7
467.7
496.2
487.3
470.5
469.4
475.4
461.5
479.7
477.7
487.8
470.3
483.2
473.7
488.9
490.8
491.4
475.3
472.1
468.3
493.5
489.2
484.8
460.9
490.8
461.8
477.0
483.2
479.3
486.9
481.2
474.4
472.0
465.9
470.1
476.8
470.5
484.1
468.4
474.8
481.8
485.1
487.8
476.6
498.5
483.8
473.2
485.4
484.9
473.5
469.2
471.1
483.6
472.9
482.0
483.5
481.1
485.1
474.3
469.2
480.3
487.7
478.2
482.0
483.4
485.6
472.5
482.1
491.9
484.7
474.1
499.0
475.9
468.6
473.2
481.8
488.2
474.2
490.6
462.0
461.5
481.7
472.3
496.2
498.9
479.6
466.2
472.8
481.1
478.6
486.9
472.3
473.6
483.2
463.5
472.9
471.9
500.7
480.4
476.5
481.7
477.1
483.7
476.8
465.5
493.1
471.4
494.3
476.0
479.8
473.6
477.5
489.7
482.8
485.4
476.4
487.8
479.6
464.5
480.0
471.9
480.8
484.6
482.3
469.5
476.5
472.8
470.5
471.5
488.7
475.5
489.6
488.3
469.5
473.5
483.5
489.7
468.0
475.9
479.0
480.0
482.2
461.2
474.4
484.5
474.0
465.3
466.6
491.5
458.0
482.9
488.9
476.0
472.6
488.0
484.6
471.4
476.2
486.6
471.7
496.6
472.4
485.6
473.6
477.1
484.3
494.4
494.9
474.6
491.5
491.6
491.6
490.0
471.5
493.0
475.7
466.5
498.0
474.7
477.2
462.0
465.1
473.0
494.3
468.5
465.3
490.8
463.4
486.7
492.1
479.6
488.2
476.3
483.8
491.4
478.4
491.2
485.8
473.8
474.7
457.0
469.5
476.0
483.9
478.3
484.0
498.6
477.8
485.9
483.5
490.0
484.1
469.7
463.7
483.2
462.8
490.4
475.9
472.5
498.7
481.7
499.3
455.1
498.7
481.3
474.5
470.9
485.4
473.5
480.8
494.4
483.6
471.9
495.1
482.0
494.7
475.0
472.2
471.6
483.1
483.8
475.6
482.7
492.5
491.9
478.1
487.4
487.8
479.5
479.4
484.3
489.6
471.1
502.0
475.3
480.3
473.4
476.5
481.3
472.1
477.1
480.6
463.5
474.4
471.2
484.8
489.2
480.8
479.8
460.9
470.3
471.8
469.4
482.4
479.3
484.1
483.3
478.2
495.1
481.0
473.3
491.1
491.9
495.6
468.3
472.6
500.9
488.0
489.0
480.7
479.6
485.6
495.3
495.3
484.3
480.1
477.7
496.6
487.4
481.4
485.7
481.9
467.2
476.5
502.2
476.0
488.0
485.3
488.8
499.5
471.9
486.8
470.5
494.4
476.3
485.5
476.4
474.8
479.8
482.5
491.3
469.8
486.8
485.8
480.9
499.7
488.2
480.3
500.1
487.4
461.2
480.2
467.9
461.9
458.4
465.7
489.6
495.2
489.0
469.9
474.6
488.4
491.8
471.5
475.8
471.8
470.2
489.0
481.1
478.4
477.2
479.5
484.4
493.5
475.6
473.7
466.1
481.6
490.6
477.7
492.4
479.1
475.9
486.4
499.7
482.9
473.5
463.2
467.6
487.4
479.0
479.1
485.4
485.6
487.0
473.9
474.1
474.9
492.6
481.3
477.1
471.5
478.3
468.4
479.0
491.6
475.9
483.0
485.8
471.1
471.6
498.7
496.0
469.8
467.2
486.3
467.5
487.1
504.1
502.9
462.6
472.4
482.0
477.8
474.5
475.3
470.5
493.2
475.5
491.0
497.7
483.9
463.6
468.9
479.5
481.9
475.9
469.8
461.9
476.5
474.8
481.5
478.2
469.8
472.4
475.5
462.6
487.6
477.0
455.2
482.5
479.7
470.7
479.0
472.0
497.1
481.3
467.6
479.5
479.3
489.4
471.6
473.8
474.2
462.3
465.7
488.9
461.9
478.1
499.2
479.8
501.3
480.2
474.1
473.8
480.4
482.2
495.3
474.6
461.4
491.9
505.8
469.8
475.1
487.7
499.2
484.6
485.5
487.5
456.4
480.1
488.2
474.5
463.6
491.9
477.5
473.7
480.4
479.1
491.6
489.9
488.0
484.2
472.1
479.6
470.4
471.9
473.6
456.6
493.4
481.8
482.0
483.9
472.8
492.6
478.9
471.2
465.7
472.4
476.4
486.5
499.2
478.0
469.8
472.7
487.2
479.4
492.7
497.1
478.2
475.7
497.1
483.2
478.0
472.6
472.5
474.0
482.0
484.1
488.7
476.5
472.7
486.7
471.3
489.5
481.8
461.1
469.0
472.9
470.5
495.2
487.0
496.6
486.8
476.0
485.4
478.1
473.0
481.6
491.9
475.6
465.9
470.2
474.8
480.9
473.2
471.5
489.0
484.7
486.7
480.4
486.9
468.8
481.0
474.6
478.8
487.9
477.8
458.7
477.8
458.6
478.9
485.2
489.0
478.6
475.7
484.7
466.7
490.2
490.3
483.6
497.5
473.9
490.7
478.6
476.2
471.1
474.2
488.3
468.0
473.5
475.6
487.1
473.5
470.3
489.7
482.7
490.5
487.5
469.0
474.1
475.7
490.1
485.7
494.8
481.6
471.1
481.9
490.9
476.3
485.7
487.0
478.8
478.8
493.8
466.7
493.3
469.1
483.7
458.3
467.2
483.4
476.8
484.2
473.1
492.0
483.5
467.3
477.2
481.4
467.6
471.2
479.2
472.8
487.0
482.9
469.0
485.7
498.2
487.9
486.3
490.4
472.8
498.1
487.5
473.9
469.3
472.8
471.7
467.8
503.7
479.1
472.7
465.8
479.9
474.4
481.5
486.7
489.8
485.4
480.7
493.4
482.6
483.2
462.8
490.3
505.3
470.8
477.3
492.7
481.1
486.0
463.8
471.8
476.5
475.8
471.2
486.5
486.5
484.1
483.5
463.2
480.9
486.6
465.9
468.4
471.0
493.9
476.4
480.4
486.1
488.1
486.2
495.2
480.0
494.5
470.6
492.2
489.5
494.8
473.4
481.8
456.1
467.5
475.9
487.2
466.5
459.5
477.0
492.8
481.0
498.0
490.8
467.2
475.9
475.5
473.6
471.9
479.2
489.7
478.5
483.8
508.9
486.6
474.4
498.8
470.0
483.8
476.4
471.3
466.5
476.0
491.6
453.3
480.3
482.7
460.7
467.7
491.4
488.2
484.8
479.1
471.7
485.0
478.4
476.5
473.0
475.6
489.4
488.8
478.3
480.1
479.9
465.8
475.2
488.8
465.2
473.0
479.5
476.6
491.0
477.4
485.2
491.1
473.8
463.0
485.3
490.5
478.5
487.2
486.2
496.1
477.1
502.2
488.1
477.0
474.2
476.3
484.9
485.2
477.0
472.2
491.4
468.0
486.7
485.2
476.7
482.8
499.8
478.3
474.3
486.5
461.7
484.7
485.2
476.1
492.4
472.8
462.5
481.6
480.9
484.4
476.3
498.0
485.1
495.6
464.0
465.0
467.6
491.3
477.5
464.4
483.4
470.2
490.2
468.4
472.8
490.2
484.6
483.0
480.8
479.0
495.0
489.1
475.8
475.7
481.7
475.9
483.0
488.7
487.5
471.6
474.6
473.6
484.9
475.3
478.7
476.5
468.8
487.0
457.3
480.1
483.9
483.4
462.3
459.8
477.3
479.7
488.3
477.2
482.8
472.1
480.8
487.1
479.3
475.6
474.9
479.1
462.7
470.1
472.1
467.7
485.7
461.3
480.6
485.7
490.3
475.2
483.7
482.0
467.3
479.0
485.7
475.1
488.7
468.6
488.3
498.1
496.2
482.1
479.2
475.2
493.4
471.8
485.3
483.4
481.0
490.0
486.1
475.8
487.4
481.5
474.1
472.1
469.1
480.9
482.2
466.2
478.6
488.5
488.6
483.0
477.6
459.4
462.6
464.8
477.5
490.1
477.7
487.3
489.8
471.8
471.5
474.5
473.5
489.8
480.0
467.7
501.5
473.2
476.9
475.2
472.2
492.4
478.7
463.9
496.8
483.6
478.4
483.7
490.1
494.4
489.4
485.3
484.5
490.2
465.1
475.9
468.6
483.1
475.9
482.8
492.7
485.2
500.7
484.5
468.4
486.6
482.0
493.2
467.9
488.3
487.0
485.5
482.9
471.4
485.5
491.1
479.7
482.3
485.8
489.0
496.9
483.2
479.7
474.4
472.1
480.7
494.1
486.7
471.0
475.5
452.2
490.0
490.3
481.6
478.0
475.4
478.3
458.8
489.2
464.8
487.5
476.3
492.6
481.3
468.6
481.2
489.2
481.4
477.9
482.0
471.9
492.4
484.7
470.9
# Found 1000 complete reps.
# mean(depth) = 479.95709999999997.
# std (depth) = 9.67360168654881.
# sem (depth) = 0.3059061450674046.
